      T       mu          width     x- y- zdim  
   7.500000      -48.20000       150.000000000000               15          15
          15
      0      3     -150.00000
             0.        910617.             0.
      1      3     -300.00000
             0.             0.       4561048.
      2      3     -300.00000
             0.             0.      11721108.
      3      3     -300.00000
             0.            68.      20603047.
      4      3     -300.00000
             0.          7180.      27847782.
      5      3     -300.00000
             0.         50812.      30879392.
      6      3     -300.00000
             0.        187624.      29162237.
      7      3     -300.00000
            59.        458364.      24038755.
      8      3     -300.00000
           627.        836132.      17560349.
      9      5     -600.00000
             0.             6.          2137.       1196945.      11445915.
     10      5     -600.00000
             0.            13.          5655.       1400760.       6643120.
     11      5     -600.00000
             0.            90.         10839.       1364095.       3413700.
     12      5     -600.00000
             0.           610.         16472.       1134954.       1544982.
     13      5     -600.00000
             0.          1777.         21453.        817295.        608730.
     14      5     -600.00000
             8.          3060.         22547.        516452.        207635.
     15      7     -900.00000
             0.             9.           207.          4048.         21271.        287632.         61066.
     16      7     -900.00000
             0.            19.           909.          5454.         17160.        145349.         15925.
     17      7     -900.00000
             0.           151.          1878.          5319.         13094.         66707.          3304.
     18      7     -900.00000
             0.           307.          2652.          4387.          8682.         28193.           540.
     19      8    -1050.00000
             0.            26.           679.          3258.          3410.          5666.         11513.           105.
     20      8    -1050.00000
             2.           207.          1629.          3053.          2297.          3318.          4067.            12.
     21      8    -1050.00000
            52.           268.          2179.          2464.          1565.          1811.          1457.             4.
     22      9    -1200.00000
             0.           106.           831.          2770.          1467.           841.           910.           514.
             0.
     23      8    -1050.00000
            99.           992.          2706.           817.           414.           509.            99.             0.
     24      9    -1200.00000
             0.           264.           940.          1917.           533.           216.           255.            27.
             0.
     25      8    -1200.00000
            17.           520.          1208.          1223.           243.            74.            60.             0.
     26      9    -1350.00000
             9.           280.           849.          1094.           758.           127.            62.            62.
             0.
     27      9    -1350.00000
            87.           668.           906.           778.           308.            46.            20.            20.
             0.
     28     10    -1650.00000
             0.            10.           334.           954.          1247.           465.           177.             1.
            15.             3.
     29      7    -1650.00000
             0.            42.           625.          1768.           944.           150.            44.
     30      8    -1800.00000
             0.             0.           171.          1146.          2002.           601.            43.            11.
     31      7    -1650.00000
             0.           216.          1463.          1610.           323.            20.             0.
     32      7    -1800.00000
             0.             0.           212.          1692.          1317.           142.             0.
     33      7    -1800.00000
             0.             0.           394.          1486.           797.            77.             0.
     34      6    -1800.00000
             0.            10.           317.           982.           470.            61.
     35      7    -1800.00000
             0.            12.           156.           763.           246.            74.             0.
     36      4    -1500.00000
            91.           464.            98.            32.
     37      4    -1500.00000
            96.           305.            83.             2.
     38      6    -1800.00000
             0.             0.            50.           198.            47.             2.
     39      6    -1800.00000
             0.             0.            54.            89.            33.             0.
     40      5    -1800.00000
             0.             0.            86.            50.             4.
     41      5    -1800.00000
             0.            51.            81.             5.             0.
     42      3    -1650.00000
            12.            58.             0.
     43      3    -1800.00000
             0.            13.             0.
