      T       mu          width     x- y- zdim  
   7.500000      -45.70000       150.000000000000               15          15
          15
     16      3     -750.00000
             0.            26.             9.
     17      3     -750.00000
            19.            72.            16.
     18      5    -1050.00000
             0.             0.            61.           157.            10.
     19      5    -1050.00000
             0.             7.           190.           362.            15.
     20      5    -1050.00000
             0.            32.           316.           477.            50.
     21      5    -1050.00000
            14.           112.           380.           493.            16.
     22      5    -1050.00000
            22.           441.           627.           520.             0.
     23      7    -1350.00000
             0.             1.           178.           475.           815.           526.             0.
     24      7    -1350.00000
             0.            55.           400.           804.           897.           434.             0.
     25      8    -1500.00000
             0.             0.           293.           973.          1216.           784.           414.             0.
     26      7    -1350.00000
             8.           547.          1959.          1361.           678.           426.             0.
     27      9    -1650.00000
             0.             0.           173.          1419.          2605.          1208.           659.           209.
             0.
     28      9    -1650.00000
             0.             1.           589.          2736.          3247.          1159.           531.           113.
             0.
     29      9    -1650.00000
             0.            90.          1945.          4603.          4140.          1120.           382.            39.
             0.
     30      8    -1650.00000
            59.           429.          4793.          6704.          3983.          1059.           299.            33.
     31     10    -1950.00000
             0.             0.           184.          1858.          8270.          7399.          3124.           639.
           174.            14.
     32     10    -1950.00000
             0.            38.           953.          4359.         11768.          7112.          2208.           423.
           123.             4.
     33      8    -1800.00000
           190.          2791.          8088.         13723.          6039.          1622.           429.            70.
     34     10    -2100.00000
             0.             4.           713.          7281.         13440.         15024.          5505.          1135.
           160.            16.
     35     11    -2250.00000
             0.             0.           160.          3468.         14085.         17885.         13847.          3849.
           674.           110.             7.
     36     11    -2250.00000
             0.            96.           856.          8341.         22656.         21624.         10812.          2821.
           417.            34.             0.
     37     11    -2400.00000
             0.             0.           263.          2932.         19242.         34970.         22308.          7661.
          1681.           155.            21.
     38     11    -2400.00000
             0.             0.          1108.          8906.         32556.         41072.         21487.          5567.
           925.           121.            32.
     39     11    -2400.00000
             0.           159.          4383.         24532.         46682.         41844.         17471.          3623.
           444.            20.            29.
     40     11    -2400.00000
             4.          1159.         14191.         47612.         58602.         37614.         12784.          2197.
           376.            21.            21.
     41     11    -2400.00000
           133.          5398.         32609.         71798.         65264.         32537.          9309.          1125.
           234.            14.             0.
     42     13    -2700.00000
             0.             9.          1287.         20233.         66131.         93709.         64817.         24742.
          6030.           526.           178.            22.             0.
     43     13    -2700.00000
             0.            76.          5892.         50683.        104853.        107200.         57306.         17918.
          3314.           270.           120.            27.             0.
     44     12    -2700.00000
             0.           722.         22938.        101098.        140567.        107709.         45663.         11762.
          1705.           125.            62.            25.
     45     12    -2700.00000
            39.          6828.         60641.        163602.        164374.         93735.         33744.          7172.
           925.            72.            41.             0.
     46     13    -3000.00000
             0.             0.           895.         25090.        127096.        223306.        169078.         76540.
         22420.          4187.           376.            14.             6.
     47     13    -3000.00000
             0.            30.          7780.         71306.        212140.        260954.        155143.         56107.
         14225.          2225.           200.            17.             9.
     48     14    -3150.00000
             0.             0.           801.         29008.        155227.        294395.        266989.        126486.
         37180.          7110.          1144.            44.            17.             0.
     49     13    -3150.00000
             0.            60.          6378.         77856.        267462.        362230.        246228.         97339.
         23215.          3394.           477.            34.             7.
     50     14    -3300.00000
             0.             0.          1179.         28202.        180228.        389387.        392931.        205035.
         67757.         14253.          1802.            78.            22.             0.
     51     14    -3300.00000
             0.            32.          7384.         89117.        330123.        482980.        371332.        159442.
         43309.          7137.           679.            54.            12.             0.
     52     13    -3300.00000
             0.           695.         31172.        214072.        494343.        533480.        316412.        111378.
         25603.          4079.           423.             1.             3.
     53     12    -3300.00000
            11.          6796.         95280.        396095.        640706.        519625.        243863.         71624.
         13304.          1508.            89.             0.
     54     13    -3600.00000
             0.             0.           756.         29786.        227626.        597720.        709722.        453358.
        173420.         42239.          6638.           783.            14.
     55     12    -3450.00000
           129.          6332.        100510.        440059.        793576.        707970.        355448.        115237.
         23899.          3040.           527.            29.
     56     14    -3750.00000
             0.             0.           607.         32812.        253225.        700837.        905545.        631506.
        255813.         70496.         11987.          1320.           245.            22.
     57     13    -3600.00000
             0.          5905.        109299.        489800.        934366.        901852.        501473.        174744.
         38752.          5958.           477.           141.             7.
     58     15    -3900.00000
             0.             0.          1038.         31068.        269476.        794609.       1085434.        817001.
        370960.        106569.         19988.          2495.            93.            56.             0.
     59     13    -3750.00000
            18.          6627.        109442.        542775.       1078916.       1109687.        663253.        244149.
         58608.          9450.          1001.            14.            23.
     60     15    -4050.00000
             0.             0.          1393.         33193.        288216.        902869.       1289936.       1007311.
        492867.        149767.         30240.          4025.           180.             0.            27.
     61     14    -4050.00000
             0.            60.          7113.        112590.        590197.       1257231.       1344430.        824518.
        329573.         83835.         15360.          1588.            18.             0.
     62     13    -4050.00000
             0.          1048.         30546.        294992.       1003789.       1503505.       1211411.        612183.
        204423.         44733.          7254.           569.            24.
     63     12    -4050.00000
            12.          6075.        111892.        625942.       1406814.       1568388.       1001315.        418480.
        118916.         22311.          2918.           128.
     64     13    -4200.00000
             0.           422.         27947.        298788.       1045841.       1701881.       1444995.        753960.
        263526.         61914.         10372.          1027.            34.
     65     13    -4200.00000
            11.          5764.         97930.        627132.       1485489.       1794250.       1206426.        517489.
        155237.         31768.          4660.           325.             0.
     66     14    -4350.00000
             0.           498.         24522.        279168.       1066770.       1824954.       1685136.        906706.
        321504.         84736.         15474.          1783.           130.             0.
     67     15    -4500.00000
             0.             0.          4568.         90346.        594110.       1521298.       1950193.       1414033.
        628913.        188832.         45469.          7103.           461.            53.             0.
     68     15    -4500.00000
             0.           549.         22483.        260035.       1034838.       1900334.       1850162.       1067763.
        394516.        102580.         21956.          2724.           101.            30.             0.
     69     15    -4650.00000
             0.            43.          2750.         79130.        561039.       1524279.       2078770.       1570587.
        737611.        233343.         50128.         10669.          1145.             4.             0.
     70     13    -4500.00000
           390.         16522.        226547.        989372.       1909751.       1964018.       1192137.        472684.
        127213.         25117.          4679.           335.             0.
     71     13    -4650.00000
             0.          3275.         69322.        512177.       1456204.       2086805.       1685340.        835661.
        279658.         66045.         11016.          1999.            15.
     72     13    -4650.00000
           266.         15923.        207289.        919868.       1836819.       2020140.       1296717.        539326.
        156688.         31000.          4417.           691.             0.
     73     15    -4950.00000
             0.             0.          2959.         63228.        454040.       1356762.       2022264.       1738249.
        918349.        324869.         81110.         14882.          2026.           195.             0.
     74     15    -4950.00000
             0.            37.         14446.        178359.        805853.       1728599.       1962499.       1344525.
        601933.        181529.         37714.          5608.           799.            94.             0.
     75     14    -4950.00000
            28.           884.         55486.        395849.       1210216.       1901054.       1687649.        952030.
        366201.         93236.         16237.          1767.           519.            30.
     76     16    -5250.00000
             0.             0.           635.          9936.        152018.        721063.       1558442.       1860981.
       1318333.        619842.        207649.         48233.          6888.           774.            71.             5.
     77     15    -5100.00000
             0.          1349.         39413.        325816.       1088026.       1739252.       1621600.        939803.
        374530.        108659.         20753.          2341.           216.            96.             0.
     78     16    -5400.00000
             0.             0.           243.          7941.        119039.        598992.       1390812.       1714080.
       1277815.        624123.        209705.         54395.          9006.           888.            43.            22.
     79     14    -5250.00000
             0.          1538.         29949.        267101.        921214.       1543038.       1524280.        914202.
        382194.        110113.         26195.          3214.           439.            33.
     80     14    -5250.00000
           132.          7104.         86772.        484169.       1200636.       1518047.       1199704.        603182.
        220588.         54419.         12746.          1333.           177.             0.
     81     15    -5550.00000
             0.             0.          1442.         21917.        205751.        763913.       1339093.       1337106.
        856672.        367524.        116873.         26932.          5968.           589.            57.
     82     14    -5400.00000
           213.          3993.         62073.        376155.        975574.       1317243.       1070652.        567278.
        208586.         56835.         11600.          2336.           232.             0.
     83     16    -5700.00000
             0.             0.           566.         14604.        146525.        566939.       1081402.       1165681.
        772016.        354158.        111127.         25462.          5051.           795.            78.             0.
     84     15    -5700.00000
             0.            12.          3267.         46898.        275540.        750729.       1080986.        937518.
        515645.        199612.         54621.         10437.          2304.           293.           107.
     85     15    -5700.00000
             0.           361.         12635.        109119.        415814.        849963.        965386.        681279.
        318310.        104881.         27130.          3517.          1263.            84.             0.
     86     14    -5700.00000
            30.          2385.         35917.        198333.        559440.        849117.        770866.        451011.
        182086.         53992.         11350.          1669.           360.            10.
     87     14    -5700.00000
           282.          6210.         77470.        306416.        632624.        753884.        556818.        283305.
         93964.         26275.          4583.           615.            66.             0.
     88     15    -6000.00000
             0.             0.           875.         22031.        141160.        397324.        637084.        602458.
        366464.        160849.         47607.         11202.          1621.           362.             9.
     89     15    -6000.00000
             0.            19.          3629.         53264.        215773.        458095.        568268.        449505.
        223475.         85230.         23487.          4554.           511.           108.             0.
     90     14    -6000.00000
             0.           941.         14568.         99654.        275402.        447069.        456828.        295229.
        138129.         42180.         11082.          1350.           124.            20.
     91     13    -6000.00000
             4.          2787.         34581.        143257.        302262.        404704.        335280.        180850.
         72956.         18757.          5565.           699.             1.
     92     15    -6300.00000
             0.             0.           566.          8427.         60840.        183902.        300178.        330588.
        221253.        108175.         34311.          9083.          2354.           269.             0.
     93     15    -6300.00000
             0.             0.          1553.         20154.         84600.        211032.        267993.        236494.
        137689.         57468.         16285.          4103.           647.            55.             0.
     94     14    -6300.00000
             0.           373.          3843.         34488.        110693.        200201.        216492.        155187.
         84213.         29585.          6850.          1699.           314.            48.
     95     14    -6300.00000
             0.           523.          8605.         53347.        126095.        176259.        156880.         97978.
         48081.         12407.          2872.           826.            99.             4.
     96     14    -6300.00000
             7.          1403.         15880.         65660.        127661.        140328.        105125.         62452.
         25246.          5186.          1110.           308.            61.             0.
     97     15    -6450.00000
             0.           659.          3902.         24698.         80319.        111597.        106115.         71888.
         37790.         12900.          2009.           546.           112.             3.             0.
     98     14    -6450.00000
            46.          1134.          7418.         33883.         81220.         89671.         76400.         42607.
         20795.          6114.           545.           305.            52.             0.
     99     15    -6750.00000
             0.             0.           442.          2795.         13122.         41642.         66194.         68212.
         48791.         23073.         10860.          2768.           151.           182.             0.
    100     15    -6750.00000
             0.             0.          1032.          4599.         17982.         44407.         55123.         45077.
         30346.         12456.          5321.          1090.            71.            27.             0.
    101     13    -6600.00000
            10.          1085.          7013.         20176.         41444.         42427.         29298.         18232.
          7236.          2932.           329.            81.             0.
    102     13    -6750.00000
             0.           175.          1730.          9463.         22160.         33293.         29342.         20172.
          9073.          3111.          1385.           138.             0.
    103     13    -6900.00000
             0.             0.           435.          3316.         10632.         22397.         25103.         17840.
         11811.          4453.          1379.           636.            39.
    104     12    -6750.00000
             0.           489.          3958.         12516.         17528.         16925.          9504.          6477.
          2196.           383.           292.            21.
    105     13    -6900.00000
             0.             0.           927.          3527.         11434.         13113.         11194.          6061.
          3223.          1130.           203.            68.             0.
    106     12    -6750.00000
           341.          1167.          3183.          9780.         10489.          6972.          2943.          1646.
           494.            37.            32.             0.
    107     13    -7050.00000
             0.             0.           181.          1564.          4026.          8325.          7300.          3673.
           989.           814.           189.            48.            36.
    108     13    -7050.00000
             0.             0.           164.          1382.          3118.          7754.          5971.          2294.
           460.           354.            61.           106.             0.
    109     11    -6900.00000
             0.           250.          1183.          2955.          4324.          3641.          1266.           206.
           146.            56.             7.
    110     11    -7050.00000
             0.             0.           143.          2250.          2663.          3734.          1742.           676.
           298.           135.             0.
    111     11    -7050.00000
             0.            11.           562.          1788.          2497.          2168.           583.           292.
           252.            19.             0.
    112      9    -6900.00000
            18.           836.          1116.          1812.          1326.           172.           185.            83.
             9.
    113     10    -7050.00000
             0.            28.           940.           717.          1124.           611.            56.           130.
            24.             0.
    114      7    -6900.00000
           131.           654.           425.           621.           216.            20.            29.
    115      7    -7200.00000
             0.             0.           305.           561.           338.            61.           127.
    116      5    -7050.00000
             0.           214.           307.           290.            19.
    117      5    -7050.00000
             0.            62.            92.           303.            23.
    118      4    -6900.00000
             0.             0.           251.             0.
    119      3    -6750.00000
             1.           146.             0.
    120      3    -6750.00000
            43.            12.             0.
    121      3    -6900.00000
             0.            11.             0.
