      T       mu          width     x- y- zdim  
   8.000000      -45.00000       150.000000000000               15          15
          15
      0      3     -150.00000
             0.           189.             0.
      1      3     -150.00000
             0.          2019.             0.
      2      3     -300.00000
             0.             0.         11723.
      3      3     -300.00000
             0.             0.         43928.
      4      3     -300.00000
             0.            23.        125677.
      5      3     -300.00000
             0.           285.        296022.
      6      3     -300.00000
             0.          2166.        598446.
      7      3     -300.00000
             0.         11915.       1050208.
      8      3     -300.00000
             1.         48087.       1627840.
      9      3     -300.00000
            68.        151480.       2257794.
     10      5     -600.00000
             0.             0.           428.        388415.       2798501.
     11      5     -600.00000
             0.             1.          2021.        827457.       3077582.
     12      5     -600.00000
             0.            35.          6306.       1494375.       3012955.
     13      5     -600.00000
             0.           186.         17319.       2318291.       2581127.
     14      5     -600.00000
             0.           807.         39720.       3113284.       1927014.
     15      5     -600.00000
            40.          2522.         81611.       3694760.       1251153.
     16      7     -900.00000
             0.             0.           265.          7576.        146099.       3930018.        700420.
     17      7     -900.00000
             0.             9.           891.         16986.        237680.       3802984.        337040.
     18      7     -900.00000
             0.            71.          2852.         33613.        351109.       3394668.        137078.
     19      7     -900.00000
             2.           363.          7187.         57210.        471895.       2825068.         48702.
     20      7     -900.00000
            52.          1181.         14699.         87536.        581989.       2207070.         14817.
     21      9    -1200.00000
             0.             0.           128.          3207.         26388.        124506.        658893.       1621779.
          3809.
     22      9    -1200.00000
             0.            11.           649.          7752.         45215.        162629.        689443.       1119280.
           856.
     23      9    -1200.00000
             0.            62.          2283.         16330.         67364.        196541.        665873.        723639.
           135.
     24      9    -1200.00000
             9.           547.          5623.         31121.         91055.        222894.        598627.        433972.
            21.
     25      9    -1200.00000
            73.          1712.         12622.         50952.        114592.        231511.        498800.        241838.
             0.
     26     10    -1350.00000
            15.           446.          4164.         24806.         74028.        131458.        225611.        387591.
        125164.             0.
     27     12    -1650.00000
             0.             0.            61.          1440.         10365.         43381.         96428.        141827.
        203523.        281384.         60200.             0.
     28     12    -1650.00000
             0.             0.           215.          3941.         22026.         64451.        113713.        144806.
        173479.        189867.         26120.             0.
     29     12    -1650.00000
             0.            24.           734.         10071.         40873.         87923.        125784.        135846.
        140642.        120967.         10300.             0.
     30     12    -1650.00000
             0.           158.          2878.         22942.         63678.        109260.        129300.        119291.
        106072.         71503.          3690.             0.
     31     12    -1650.00000
             8.           464.          8884.         40888.         90957.        127360.        123959.         99180.
         76051.         40936.          1146.             0.
     32     13    -1950.00000
             0.             0.           150.          2199.         19875.         67858.        115386.        134005.
        112168.         76658.         51998.         21272.           334.
     33     13    -1950.00000
             0.             0.           690.          7375.         39117.         98615.        137250.        133216.
         94177.         56788.         34698.          9810.            52.
     34     13    -1950.00000
             0.            47.          2725.         18573.         69276.        129008.        148827.        121441.
         73825.         39948.         21422.          4298.            12.
     35     13    -1950.00000
             0.           487.          8304.         39341.        105202.        155888.        149219.        103710.
         57322.         26775.         12414.          1897.             5.
     36     13    -1950.00000
            90.          2653.         19502.         71054.        142814.        174368.        139410.         84286.
         40518.         16772.          7178.           721.             0.
     37     15    -2250.00000
             0.             0.           470.          8471.         41875.        117453.        179308.        180853.
        123541.         65454.         27067.         10499.          3783.           308.             0.
     38     13    -2100.00000
            51.          2151.         20282.         78192.        169819.        208100.        170903.        102846.
         48373.         18407.          6040.          1804.            91.
     39     15    -2400.00000
             0.             0.           441.          7638.         44967.        129907.        216171.        222088.
        153273.         83172.         34641.         11554.          3463.           735.            16.
     40     15    -2400.00000
             3.            44.          1813.         21329.         86436.        188574.        251404.        218464.
        126881.         62973.         22452.          7010.          1546.           350.             0.
     41     15    -2400.00000
            27.           348.          6546.         47993.        142039.        249845.        274168.        200417.
        100734.         44240.         14547.          3759.           838.           105.             0.
     42     15    -2400.00000
           120.          1421.         20148.         95409.        213160.        302239.        275094.        169640.
         76582.         30901.          9190.          2008.           294.            47.             0.
     43     14    -2400.00000
           330.          5497.         48380.        165300.        291331.        333748.        254190.        139360.
         54971.         20675.          5232.          1021.           133.            23.
     44     16    -2700.00000
             0.             0.          1181.         19450.        101790.        251822.        361971.        336911.
        222940.        108204.         38232.         12895.          2677.           463.            48.             2.
     45     15    -2700.00000
             0.           131.          5223.         48093.        183235.        347475.        405601.        318504.
        186961.         80322.         25681.          7839.          1389.           175.            25.
     46     15    -2700.00000
            18.           990.         17162.        100782.        288225.        435487.        422624.        286677.
        142947.         57424.         15723.          4159.           965.           108.            17.
     47     16    -2850.00000
             0.           357.          4987.         45759.        189746.        410733.        493458.        409164.
        242701.        103908.         37905.          8956.          2211.           460.            79.             0.
     48     16    -2850.00000
             0.           954.         15805.        102045.        313208.        516724.        519941.        366897.
        191802.         73384.         22691.          5366.           940.           157.            34.             0.
     49     16    -3000.00000
             0.            82.          3802.         43848.        194595.        447448.        600345.        509436.
        310234.        142811.         47432.         13412.          2813.           575.            90.            30.
     50     17    -3150.00000
             0.             0.          1002.         13635.         97831.        319586.        585445.        640353.
        462742.        251960.        101887.         29799.          7748.          1358.           296.            49.
            13.
     51     18    -3300.00000
             0.             0.           138.          3868.         38426.        188879.        472803.        690437.
        633669.        392915.        188511.         68999.         17525.          4433.           724.            97.
            11.            14.
     52     18    -3300.00000
             0.             9.           552.         14074.         96320.        326351.        627010.        750326.
        582087.        314368.        133945.         44513.          9760.          2172.           295.            68.
            12.             1.
     53     17    -3300.00000
             0.           148.          3103.         42865.        196375.        491284.        748814.        748433.
        499019.        240090.         94558.         27846.          5690.          1227.           191.            39.
             4.
     54     17    -3300.00000
             0.           646.         12081.         98466.        347217.        663597.        825728.        699237.
        403528.        174754.         60547.         16623.          3152.           477.            89.             9.
             3.
     55     18    -3450.00000
             0.           206.          2788.         34810.        197256.        521945.        810524.        836657.
        607087.        310004.        122741.         37180.          9663.          1457.           116.            29.
             2.             0.
     56     17    -3600.00000
             0.             0.           715.         11130.         86829.        339099.        716637.        901262.
        793224.        494520.        225571.         80457.         23061.          5687.           864.            75.
            10.
     57     16    -3450.00000
             1.          2390.         31061.        176310.        526250.        879750.        934982.        704382.
        378918.        155158.         49853.         13011.          2662.           394.            36.             0.
     58     18    -3900.00000
             0.             0.            87.           301.         10875.         77932.        320487.        729393.
       1001471.        895766.        584341.        273188.        102150.         30578.          7482.          1232.
           172.             7.
     59     17    -3750.00000
             0.           117.          1745.         28284.        166474.        499110.        898948.       1039072.
        806624.        459148.        189274.         62206.         17389.          3705.           560.            73.
             1.
     60     16    -3750.00000
             0.           200.          6874.         71518.        294416.        706007.       1014667.        990173.
        678709.        339125.        126179.         38739.          9808.          1648.           334.            36.
     61     16    -3750.00000
             0.          1157.         22004.        147070.        461685.        883263.       1062113.        883716.
        529995.        235064.         79389.         22075.          5278.           703.           176.            20.
     62     18    -4050.00000
             0.             6.           261.          6157.         58778.        261015.        661761.       1018141.
       1018676.        742238.        396433.        156381.         48760.         11790.          2803.           356.
           144.             1.
     63     18    -4050.00000
             0.            44.          1327.         20828.        126536.        418052.        845323.       1066859.
        922498.        587579.        281615.        101794.         27624.          6529.          1533.           204.
            82.             0.
     64     18    -4050.00000
             0.           228.          4471.         51177.        228521.        594501.        970013.       1028224.
        778548.        443665.        188330.         64254.         16428.          3554.           762.           119.
            67.             0.
     65     18    -4200.00000
             0.             0.           680.         13123.        106321.        364523.        769064.       1031205.
        932249.        624445.        315683.        119577.         36408.          9914.          1881.           384.
            89.            41.
     66     18    -4200.00000
             0.             5.          2591.         36036.        196253.        523484.        892330.       1017803.
        792905.        476864.        210645.         72552.         20411.          4823.           790.           199.
           110.            14.
     67     18    -4200.00000
             0.           195.          8666.         81205.        314126.        674534.        948228.        929897.
        637907.        336225.        132276.         42890.         10838.          2214.           355.           101.
            62.             1.
     68     17    -4200.00000
           113.          1855.         24513.        154172.        449660.        782235.        936773.        787946.
        487841.        232685.         82455.         25653.          5127.          1034.           223.            44.
            20.
     69     18    -4350.00000
             0.           288.          5501.         55019.        251433.        581134.        851751.        863097.
        635146.        354173.        149145.         47243.         13560.          2786.           444.           200.
            94.             0.
     70     18    -4350.00000
             0.          1105.         15337.        112962.        370787.        683388.        852583.        746467.
        489245.        243423.         92074.         26813.          7291.          1292.           216.            87.
            18.             0.
     71     19    -4500.00000
             0.           184.          3987.         37897.        193290.        481163.        735096.        785757.
        607863.        358337.        160335.         55312.         13750.          3644.           513.            59.
            41.             9.             0.
     72     19    -4500.00000
             0.           911.         10817.         74694.        293363.        584347.        743661.        677988.
        468203.        246156.        100550.         32382.          7214.          1845.           255.             3.
            16.            13.             0.
     73     16    -4650.00000
             0.            46.          2696.         27623.        132432.        384470.        633429.        696885.
        559906.        345209.        163434.         61589.         18589.          3768.           719.            22.
     74     16    -4650.00000
             0.           271.          6515.         53281.        201847.        462485.        642325.        608731.
        434108.        240437.        105951.         35857.          9857.          2157.           375.             5.
     75     17    -4800.00000
             0.             0.          1347.         15343.         90672.        282552.        510515.        600019.
        495920.        322930.        163047.         63961.         19554.          5055.           895.           165.
             0.
     76     16    -4800.00000
             0.           138.          3453.         32024.        141843.        343212.        515892.        533872.
        384932.        227288.        105998.         37192.         10797.          2130.           335.            47.
     77     16    -4800.00000
             0.           624.         10041.         57474.        194051.        379433.        481667.        442168.
        282740.        154294.         65248.         20320.          5684.           912.           211.            23.
     78     16    -4800.00000
            95.          1930.         18932.         92040.        236278.        388018.        428182.        347636.
        204484.        100882.         39499.         10953.          2594.           427.           119.             0.
     79     18    -5100.00000
             0.             0.           424.          4994.         35811.        125580.        265199.        369282.
        351350.        261211.        140467.         63964.         23083.          5757.          1206.           119.
            25.             0.
     80     16    -5100.00000
             0.             0.          1074.         11952.         58954.        158856.        272452.        329299.
        276269.        183733.         94708.         39040.         12877.          2806.           522.             7.
     81     16    -5100.00000
             0.             1.          3071.         23066.         86480.        183296.        266929.        270660.
        206300.        128113.         60925.         24779.          7160.          1354.           237.             9.
     82     17    -5250.00000
             0.            32.           707.          6991.         36064.        108605.        190946.        241501.
        212876.        147995.         85800.         38786.         15388.          4093.           452.            51.
             0.
     83     17    -5400.00000
             0.            10.           106.          1591.         13331.         50911.        123818.        187623.
        205047.        165257.        108735.         56382.         24403.          8712.          2125.           288.
            37.
     84     17    -5400.00000
             0.           152.           576.          5089.         21784.         68501.        132294.        173659.
        169080.        124919.         73726.         37586.         14933.          4365.           945.           122.
             0.
     85     17    -5400.00000
             0.           201.          1945.          8346.         28316.         80486.        132288.        148319.
        129289.         91746.         50285.         24097.          8815.          2143.           428.            55.
             0.
     86     18    -5550.00000
             0.             8.           261.          4719.         12855.         38623.         86742.        121425.
        123857.        101341.         63962.         33975.         15701.          4603.          1120.           242.
             3.             0.
     87     16    -5400.00000
           103.          1177.          8584.         17051.         49682.         88866.        106374.         96514.
         77356.         41849.         21743.          9446.          2722.           528.           220.             0.
     88     16    -5550.00000
             0.           342.          2480.         11119.         24781.         53019.         86917.         87222.
         77386.         54706.         29094.         15202.          4932.          1704.           289.            37.
     89     17    -5700.00000
             0.            33.           781.          5047.         15192.         31126.         55903.         74971.
         74651.         59218.         38105.         19603.          9418.          3040.           898.           108.
             3.
     90     17    -5700.00000
             0.           155.          1320.          6711.         18233.         34153.         52988.         65326.
         56787.         44540.         25271.         13236.          5111.          1308.           664.            57.
             0.
     91     16    -5700.00000
             0.           186.          1598.         10328.         21522.         35540.         49570.         54408.
         42297.         32925.         18334.          9046.          2605.           636.           394.            36.
     92     17    -5850.00000
             0.             5.           409.          3194.         12490.         22024.         34107.         42934.
         44115.         32586.         23620.         12066.          5293.          1878.           335.           177.
             0.
     93     17    -5850.00000
             0.            92.          1248.          4391.         14891.         20914.         31914.         34892.
         34103.         24726.         17417.          7524.          3366.           902.           260.            19.
             0.
     94     16    -5850.00000
            73.           706.          1591.          6585.         17384.         21560.         28285.         29575.
         26043.         20151.         12653.          4782.          2376.           476.           182.             0.
     95     16    -6000.00000
             0.           118.           615.          2372.          9426.         16081.         19073.         24368.
         23601.         23521.         15891.          8334.          2694.          1506.           150.            19.
     96     16    -6000.00000
             0.           148.           706.          4297.         10983.         15844.         18277.         21335.
         19632.         18151.         11280.          4562.          1445.           531.            26.             0.
     97     15    -6000.00000
             0.           495.          1235.          4847.         10136.         13725.         15844.         17952.
         15801.         13710.          7561.          2582.           921.            91.             0.
     98     15    -6000.00000
            33.           587.          2026.          5011.          9448.         13439.         13626.         15316.
         12780.          9841.          4801.          1588.           517.            56.             0.
     99     15    -6000.00000
            24.           700.          2169.          5879.          9143.         11738.         12978.         12509.
          9027.          7970.          2360.           818.           207.            37.             0.
    100     18    -6450.00000
             0.             0.            61.            31.           821.          2426.          6098.          8916.
         10618.         10877.          8086.          6087.          5099.          1362.           331.           147.
            68.             0.
    101     17    -6450.00000
             0.            46.           178.           191.          1419.          2868.          6485.          7999.
          8845.          8916.          6289.          4368.          3065.           676.           133.            31.
            33.
    102     17    -6450.00000
             0.            52.           236.           289.          1346.          3058.          6998.          8661.
          7415.          6645.          4027.          3040.          1878.           297.           104.            67.
            26.
    103     16    -6300.00000
            20.           286.           244.          1985.          3362.          6711.          7318.          6577.
          5657.          2615.          1861.           907.           194.            45.            57.             0.
    104     17    -6600.00000
             0.             0.           326.           225.           567.          2058.          3555.          5488.
          6902.          5465.          3394.          1731.          1020.           330.            72.            60.
            12.
    105     16    -6600.00000
             0.             0.           224.           119.          1095.          2687.          3790.          5419.
          6009.          4051.          2326.          1061.           517.           129.            29.             4.
    106     15    -6450.00000
            45.            69.           185.          1784.          2560.          4116.          5042.          3747.
          2928.          1490.           686.           235.           118.            14.             5.
    107     15    -6450.00000
           112.           108.           712.          1898.          2344.          3193.          4566.          2781.
          2165.           991.           438.           229.           150.             3.             0.
    108     16    -6600.00000
             0.             6.           156.          1334.          2043.          2153.          2948.          4002.
          2165.          1300.           380.           139.            46.             0.            24.             0.
    109     14    -6450.00000
             0.           129.          1337.          1650.          1612.          2548.          2472.          1586.
           756.           158.           104.             0.             0.            13.
    110     14    -6450.00000
            20.           179.          1243.          1167.          1086.          2206.          1970.           808.
           305.            49.            54.             0.             1.             0.
    111     12    -6600.00000
             0.            12.           222.          1408.           613.          1237.          1943.          1682.
           304.            86.            12.             5.
    112     11    -6750.00000
             0.             0.            33.           235.           899.           578.          1542.          1340.
          1105.           131.            37.
    113     11    -6750.00000
             0.             0.            38.           386.           727.           406.          1222.           635.
           608.            99.            18.
    114     11    -6750.00000
             0.            15.            31.           236.           275.           356.           446.           684.
           219.           122.             2.
    115     11    -6750.00000
             0.           115.           143.           118.           164.           135.           344.           318.
            98.            57.             0.
    116     10    -6900.00000
             0.             0.           201.           123.           252.            90.           244.           181.
           154.            17.
    117      9    -6750.00000
            10.           267.            42.           130.            34.           161.            39.            21.
             0.
    118      9    -6900.00000
             0.            78.            84.            51.            73.            37.            47.            29.
             0.
    119      7    -6900.00000
             0.            14.            49.           100.            32.            85.             3.
    120      5    -6600.00000
             3.           139.            17.            20.             0.
    121      4    -6600.00000
            44.           111.            10.             2.
    122      5    -6900.00000
             0.             0.             7.            16.            17.
    123      3    -6600.00000
            19.            10.             0.
    124      3    -6750.00000
             0.            47.            12.
    125      3    -6750.00000
             0.            32.            17.
    126      3    -6750.00000
             0.             0.            25.
