      T       mu          width     x- y- zdim  
   8.000000      -45.50000       150.000000000000               15          15
          15
      0      3     -150.00000
             0.          1250.             0.
      1      3     -150.00000
             0.         13062.             0.
      2      3     -300.00000
             0.             0.         66374.
      3      3     -300.00000
             0.             0.        235191.
      4      3     -300.00000
             0.           112.        642594.
      5      3     -300.00000
             0.          1349.       1439091.
      6      3     -300.00000
             0.         10132.       2730030.
      7      3     -300.00000
             0.         52248.       4503013.
      8      3     -300.00000
            36.        194430.       6592091.
      9      5     -600.00000
             0.             0.           320.        575047.       8580842.
     10      4     -450.00000
             0.          1572.       1386293.       9978679.
     11      4     -450.00000
             5.          5992.       2779509.      10328566.
     12      5     -600.00000
             0.           102.         19627.       4702717.       9471444.
     13      5     -600.00000
             0.           528.         51294.       6844245.       7620661.
     14      5     -600.00000
            10.          2437.        111101.       8645134.       5353691.
     15      7     -900.00000
             0.             0.           116.          7445.        210425.       9642812.       3260876.
     16      6     -750.00000
             0.           497.         16864.        355809.       9639720.       1715406.
     17      6     -750.00000
             9.          1564.         35175.        539910.       8763895.        776185.
     18      7     -900.00000
             0.           108.          4416.         66117.        748442.       7354106.        301482.
     19      8    -1050.00000
             0.             7.           474.         10572.        109256.        939533.       5762006.        101494.
     20      8    -1050.00000
             0.            73.          1887.         21699.        161056.       1089878.       4229757.         28568.
     21      8    -1050.00000
             0.           311.          5353.         39477.        217978.       1154166.       2916232.          6814.
     22      8    -1050.00000
            22.          1021.         11671.         63050.        267698.       1139928.       1887213.          1421.
     23     10    -1350.00000
             0.             0.           197.          3213.         22805.         90793.        304529.       1041794.
       1149380.           230.
     24     10    -1350.00000
             0.             0.           691.          8795.         38554.        119987.        321614.        883796.
        651692.            68.
     25      9    -1200.00000
            36.          2009.         18224.         59055.        141698.        312449.        698620.        346855.
            16.
     26     10    -1350.00000
             1.           348.          5275.         30891.         80186.        156633.        286308.        508814.
        169698.             2.
     27     12    -1650.00000
             0.             0.           125.          1264.         12426.         49210.         99495.        158196.
        245607.        351830.         75054.             0.
     28     12    -1650.00000
             0.             0.           212.          4397.         24631.         69694.        113981.        149368.
        201673.        222585.         29967.             0.
     29     12    -1650.00000
             0.             5.          1094.         10879.         41045.         88991.        119165.        134104.
        154045.        131521.         11092.             0.
     30     11    -1500.00000
            96.          3613.         22156.         60645.        101176.        115829.        111094.        110778.
         73589.          3504.             0.
     31     13    -1800.00000
             0.             0.           757.          9729.         41395.         81600.        109217.        107008.
         88350.         74773.         38443.           977.             0.
     32     13    -1800.00000
             0.            95.          3455.         22497.         64430.         99735.        108645.         88855.
         65502.         48027.         18371.           281.             0.
     33     12    -1800.00000
             2.           694.          9507.         43036.         88044.        110513.        100811.         71443.
         46414.         29073.          9148.            62.
     34     12    -1800.00000
           141.          2883.         21707.         67807.        110912.        113800.         86077.         53905.
         31683.         16926.          3964.            20.
     35     13    -1950.00000
             0.           758.          8958.         42970.         96647.        124482.        109049.         69153.
         40193.         20673.          9390.          1677.            10.
     36     13    -1950.00000
           140.          2433.         20706.         72464.        123542.        128318.         94922.         53175.
         28213.         12392.          4807.           637.             1.
     37     14    -2100.00000
             0.           330.          7500.         40927.        107039.        144957.        124383.         78650.
         38502.         18659.          6928.          2343.           211.             0.
     38     13    -2100.00000
            34.          1522.         18044.         70515.        140120.        152530.        110974.         60942.
         26760.         12177.          3445.          1019.            83.
     39     15    -2400.00000
             0.             0.           228.          5249.         37192.        110604.        172774.        151272.
         91789.         46009.         18554.          6920.          1777.           491.            54.
     40     15    -2400.00000
             0.             8.          1217.         14601.         66417.        150991.        191103.        137738.
         71393.         32775.         12506.          3744.          1051.           230.            11.
     41     15    -2400.00000
             0.            67.          4410.         31451.        106988.        188338.        191481.        116741.
         52215.         21868.          7341.          1929.           510.           104.             0.
     42     15    -2400.00000
            26.          1303.         12906.         60652.        153174.        213374.        178997.         91808.
         36286.         14529.          4245.           926.           162.            39.             0.
     43     16    -2700.00000
             0.             0.           179.          4102.         30691.        102890.        199154.        221366.
        153347.         68025.         24899.          9105.          2669.           559.            63.             6.
     44     15    -2550.00000
            16.           998.         11125.         60297.        153067.        224946.        212030.        122548.
         48905.         15477.          5321.          1391.           275.            19.             0.
     45     15    -2550.00000
           109.          3669.         26887.        100585.        200306.        236383.        188627.         92463.
         32985.          9650.          2927.           740.           174.             4.             0.
     46     16    -2850.00000
             0.            21.           556.          9665.         54882.        149426.        235777.        232937.
        154570.         67280.         21304.          5665.          1611.           372.            70.             0.
     47     16    -2850.00000
             0.            61.          2035.         23852.         96521.        201779.        252425.        207244.
        116039.         46082.         12967.          3145.           712.           247.            44.             0.
     48     15    -2850.00000
             8.           321.          6801.         48937.        151495.        242121.        251848.        176399.
         86574.         29771.          7792.          1842.           425.           141.             9.
     49     15    -2850.00000
            81.          1309.         17033.         90941.        205614.        265731.        229333.        142480.
         60724.         18573.          4765.          1214.           209.            55.             8.
     50     16    -3000.00000
             0.           439.          4717.         38131.        139199.        253854.        271187.        199240.
        105141.         39658.         10688.          2693.           667.           131.             9.             0.
     51     15    -3000.00000
            19.          1144.         13873.         75026.        188842.        281524.        254760.        158306.
         74588.         24274.          5934.          1542.           436.            62.             0.
     52     14    -3000.00000
           242.          4251.         32429.        123106.        234723.        285038.        221108.        120924.
         50980.         14930.          3270.           879.           263.            42.
     53     17    -3300.00000
             0.             0.           994.         12072.         62496.        173131.        267328.        268654.
        180219.         88071.         32699.          8917.          1658.           372.           111.            37.
             0.
     54     16    -3300.00000
             0.           136.          3330.         26032.        100087.        217296.        281517.        236515.
        136053.         59379.         19707.          4504.           792.           178.            60.            12.
     55     17    -3450.00000
             0.             8.           394.          9447.         49738.        145009.        251287.        274817.
        196257.         96730.         38096.         11232.          2298.           410.            63.            48.
             5.
     56     16    -3450.00000
             0.           210.          1999.         21053.         81644.        186305.        268066.        246415.
        153608.         66318.         24592.          6220.          1177.           146.            15.             6.
     57     16    -3450.00000
             0.           514.          5314.         39826.        119051.        215819.        265889.        206854.
        109313.         42785.         14154.          3499.           443.            97.             2.             1.
     58     15    -3450.00000
             5.          1489.         13595.         62468.        150880.        232986.        237687.        163345.
         73599.         25951.          7471.          1498.           192.            34.             0.
     59     16    -3750.00000
             0.             0.           367.          4695.         30014.         92545.        180003.        228867.
        201348.        117384.         48083.         15075.          4393.           803.           119.             1.
     60     16    -3750.00000
             0.            20.          1061.         10013.         49942.        122934.        194130.        210644.
        156962.         78568.         29772.          8536.          2165.           343.            34.             0.
     61     15    -3750.00000
            21.           150.          2940.         21802.         75374.        149208.        193174.        178540.
        114969.         52191.         17451.          4556.          1037.           161.             0.
     62     15    -3750.00000
            83.           476.          7528.         37368.         98030.        160573.        180068.        144399.
         80695.         32877.          9512.          2403.           501.            68.             0.
     63     14    -3750.00000
            55.          1888.         15600.         54527.        118195.        165425.        154534.        105839.
         51531.         18772.          4837.          1512.           172.            39.
     64     14    -3750.00000
           281.          4725.         27065.         78461.        133444.        151800.        122239.         76263.
         31613.          9903.          2682.           636.            93.            10.
     65     16    -4050.00000
             0.             0.           924.         11036.         42133.         96608.        135600.        134255.
         96064.         49622.         18747.          5731.          1332.           262.            87.             2.
     66     15    -3900.00000
            26.          3284.         18287.         60576.        109746.        122179.        106836.         69926.
         31249.         11018.          2893.           610.           191.            45.            11.
     67     17    -4200.00000
             0.             0.           341.          6945.         30232.         76895.        112208.        107871.
         81394.         47688.         18664.          5542.          1564.           373.            56.            20.
             3.
     68     17    -4200.00000
             0.            30.          1814.         13238.         43983.         87607.        107481.         88664.
         58589.         29399.         11111.          2890.           723.           185.            19.             4.
             1.
     69     18    -4350.00000
             0.            25.           287.          3236.         21117.         54633.         91182.         91461.
         69687.         40198.         17469.          5987.          1709.           279.            77.            10.
            14.             0.
     70     15    -4350.00000
             0.            73.           853.          7886.         30160.         63376.         83789.         77098.
         52209.         26230.         10049.          3922.           876.            79.            45.
     71     15    -4350.00000
            12.           295.          1954.         13140.         37052.         65312.         73515.         59040.
         35104.         16599.          5820.          1771.           416.            66.            26.
     72     17    -4650.00000
             0.            29.           158.           863.          4838.         18241.         43378.         65563.
         60962.         44114.         21810.          9953.          2985.           660.           173.            52.
             8.
     73     15    -4500.00000
            23.           368.          1724.          9175.         22255.         46781.         55953.         49053.
         28599.         13687.          5879.          1730.           604.            62.             0.
     74     15    -4650.00000
             0.           270.           790.          3538.         11515.         26725.         43418.         48195.
         37001.         18794.          7945.          3371.           918.           189.             7.
     75     15    -4650.00000
            26.           619.          1852.          5747.         13678.         28790.         41693.         38302.
         26820.         11854.          4686.          1425.           428.            14.             0.
     76     17    -4950.00000
             0.             0.            10.           357.          1913.          8867.         17942.         27071.
         37710.         29874.         17922.          7024.          2530.           944.           163.            24.
             0.
     77     15    -4800.00000
             0.           241.          1104.          3358.         12057.         19523.         27523.         33155.
         22211.         12400.          3902.          1387.           449.            80.            15.
     78     15    -4800.00000
            83.           565.          2303.          6007.         14409.         18955.         24959.         25215.
         16321.          8186.          2432.           793.           161.             7.             0.
     79     15    -4950.00000
             0.            40.           833.          3856.          8075.         14166.         16572.         20456.
         17990.          9819.          4778.          1265.           538.            24.             0.
     80     14    -4950.00000
             0.           627.          1341.          4471.          8697.         12681.         14618.         17186.
         12651.          6104.          2947.           675.           194.             5.
     81     14    -4950.00000
            21.           721.          2086.          5469.          7397.         11165.         12493.         13619.
          7649.          3898.          1448.           490.            49.             0.
     82     13    -4950.00000
            47.          1265.          2737.          6461.          6802.         10356.         11601.          9686.
          4214.          2445.           658.           335.            31.
     83     13    -4950.00000
            68.          1666.          3709.          6808.          6946.          9801.          9660.          6817.
          3191.          1473.           297.           146.             0.
     84     14    -5100.00000
             0.           248.          1695.          4282.          6313.          6884.          9014.          6884.
          4373.          2279.           721.           251.            35.             0.
     85     14    -5100.00000
             0.           452.          2067.          3921.          5464.          6343.          6314.          4381.
          2551.           998.           348.            56.             5.             0.
     86     12    -5100.00000
            20.           884.          2648.          4368.          4936.          5495.          4447.          2726.
          1654.           419.           129.            22.
     87     14    -5550.00000
             0.             0.            17.           299.          1040.          2251.          3758.          4503.
          3937.          2799.          1640.           716.           170.             3.
     88     14    -5550.00000
             0.             0.           236.           627.          1055.          2208.          3382.          3411.
          3183.          1609.          1077.           465.           128.             0.
     89     13    -5550.00000
             0.            39.           358.          1134.          1207.          1922.          3136.          2407.
          2008.          1006.           669.           182.            15.
     90     12    -5400.00000
            57.           368.          1424.          1523.          1942.          2599.          1823.          1309.
           759.           382.            40.            21.
     91     14    -5700.00000
             0.            11.           245.           716.          1175.          1044.          2042.          1626.
          1427.           874.           724.           181.            57.             3.
     92     13    -5550.00000
           117.           494.           682.          1349.           772.          2311.          1234.          1160.
           493.           245.            65.            11.             0.
     93     12    -5700.00000
             0.            46.           356.           918.          1316.           873.          1371.           975.
           628.           233.           232.             0.
     94     11    -5700.00000
             0.            13.           763.           851.          1201.           784.           950.           820.
           199.           119.            51.
     95     12    -5850.00000
             0.             0.           195.          1110.           851.           600.           513.           849.
           600.            75.            49.             0.
     96     12    -5850.00000
             0.            24.           121.          1265.           987.           279.           259.           589.
           353.            76.            25.             0.
     97     12    -5850.00000
             0.             0.           199.          1275.          1201.            80.           265.           323.
           237.            59.             5.             0.
     98     10    -5850.00000
             0.             0.           283.           999.           768.           145.           117.           119.
           149.             0.
     99      9    -5850.00000
             0.             0.           345.           915.           501.            50.            32.            46.
             5.
    100      8    -5850.00000
             0.             0.           135.           694.           315.            28.             4.             6.
    101      6    -5700.00000
             0.            90.           399.            21.            22.            38.
    102      6    -5700.00000
             0.            95.           106.            13.            13.             0.
    103      7    -5850.00000
             0.             0.            87.            60.            40.             2.             0.
    104      5    -5700.00000
             0.             7.            23.            78.             3.
    105      5    -5700.00000
             0.            19.             0.            19.             0.
    106      3    -5700.00000
             0.            52.             0.
    107      3    -5700.00000
             0.             6.             0.
