      T       mu          width     x- y- zdim  
   8.500000      -46.00000       150.000000000000               15          15
          15
      0      3     -150.00000
             0.            20.             0.
      1      3     -150.00000
             0.           537.             0.
      2      3     -300.00000
             0.             0.          3892.
      3      3     -300.00000
             0.             0.         17183.
      4      3     -300.00000
             0.             1.         59706.
      5      3     -300.00000
             0.           108.        170152.
      6      3     -300.00000
             0.           917.        413560.
      7      3     -300.00000
             0.          6101.        861031.
      8      3     -300.00000
             0.         30003.       1585376.
      9      3     -300.00000
            21.        117845.       2617129.
     10      5     -600.00000
             0.             0.           109.        369525.       3855857.
     11      5     -600.00000
             0.             0.           781.        962900.       5082531.
     12      5     -600.00000
             0.             8.          3059.       2114781.       5948638.
     13      5     -600.00000
             0.            32.          9616.       3958262.       6147589.
     14      5     -600.00000
             0.           202.         27765.       6396892.       5567222.
     15      5     -600.00000
             0.           798.         67820.       9054737.       4392644.
     16      5     -600.00000
             3.          2571.        146149.      11382164.       3005847.
     17      7     -900.00000
             0.             0.            99.          6685.        288951.      12918910.       1774411.
     18      7     -900.00000
             0.             0.           430.         16298.        521046.      13410074.        900905.
     19      7     -900.00000
             0.            25.          1252.         33961.        847502.      12944531.        392761.
     20      7     -900.00000
             0.            89.          3305.         64493.       1271884.      11711502.        146560.
     21      7     -900.00000
             0.           353.          7668.        111760.       1750707.       9978039.         46496.
     22      7     -900.00000
             7.           852.         15452.        176302.       2221940.       8029205.         12539.
     23      8    -1050.00000
             0.            94.          2372.         28123.        257763.       2606260.       6088944.          2968.
     24      9    -1200.00000
             0.             0.           377.          5168.         45882.        348757.       2820584.       4329778.
           525.
     25     10    -1350.00000
             0.             0.            40.           803.          9906.         69828.        441209.       2834980.
       2866753.            85.
     26     10    -1350.00000
             0.             0.            63.          2007.         17297.         96809.        521823.       2651278.
       1764699.            18.
     27     10    -1350.00000
             0.             8.           298.          3977.         26890.        126321.        583550.       2302125.
       1000713.             5.
     28     10    -1350.00000
             0.            36.           862.          7856.         38889.        155308.        613553.       1863420.
        523119.             0.
     29     10    -1350.00000
             0.            44.          1860.         11653.         51908.        179048.        606640.       1401331.
        250930.             0.
     30     10    -1350.00000
             3.           257.          3213.         18302.         64165.        195308.        566798.        987495.
        110350.             0.
     31     12    -1650.00000
             0.             0.            13.           776.          5924.         25054.         75282.        201896.
        500133.        650396.         44260.             0.
     32     11    -1500.00000
             0.            97.          1567.          9506.         32505.         84876.        194285.        414800.
        403215.         16105.             0.
     33     11    -1500.00000
             3.           168.          2664.         13390.         39206.         88508.        178676.        321121.
        231925.          5251.             0.
     34     12    -1650.00000
             0.            42.           458.          4082.         17517.         44407.         88410.        156445.
        236456.        127171.          1443.             0.
     35     11    -1650.00000
             0.            43.           914.          5451.         21707.         47002.         81538.        132218.
        165766.         64824.           393.
     36     11    -1650.00000
             0.            72.          1784.          7321.         25989.         46066.         74003.        104081.
        109021.         31229.            60.
     37     12    -1800.00000
             0.             0.           290.          2813.          9979.         28055.         44717.         62753.
         78145.         69558.         13612.             4.
     38     12    -1800.00000
             0.             0.           608.          3573.         11784.         27770.         40308.         51629.
         55937.         40882.          5684.             0.
     39     12    -1800.00000
             0.             1.           825.          4351.         12807.         27189.         34337.         40353.
         37577.         22225.          1918.             0.
     40     12    -1800.00000
             0.            46.          1275.          5351.         13298.         25179.         28488.         29299.
         23991.         11530.           686.             0.
     41     12    -1800.00000
             0.           141.          1593.          6202.         13446.         22403.         22382.         20676.
         14723.          5477.           213.             0.
     42     11    -1800.00000
            26.           295.          2030.          6510.         13630.         18752.         16999.         13877.
          8363.          2483.            71.
     43     11    -1800.00000
            74.           363.          2914.          6246.         12454.         15007.         12218.          8944.
          4354.          1128.             0.
     44     14    -2250.00000
             0.             0.            32.            55.           856.          3165.          6549.         10903.
         11816.          8644.          5092.          2279.           490.             0.
     45     13    -2100.00000
            17.            10.           171.          1376.          3500.          5756.          9730.          8838.
          5745.          2909.          1173.           187.             0.
     46     14    -2250.00000
             0.            26.            46.           419.          1857.          2923.          4585.          8234.
          6806.          3950.          1430.           463.            71.             0.
     47     15    -2550.00000
             0.             0.             8.            73.            91.           736.          2063.          2451.
          4129.          6450.          4771.          2340.           841.           208.            23.
     48     15    -2550.00000
             0.             0.            16.           103.           125.           763.          1730.          2096.
          3729.          4445.          2892.          1229.           512.           129.             6.
     49     15    -2550.00000
             0.            22.            89.           119.           117.           823.          1290.          1877.
          3191.          3047.          1981.           641.           307.            61.             1.
     50     16    -2700.00000
             0.             0.            48.            46.           164.           137.           834.          1511.
          1532.          2429.          2066.          1161.           359.           107.            14.             0.
     51     15    -2700.00000
             0.             2.            89.            85.           334.           162.           711.          1416.
          1182.          1654.          1395.           652.           213.            40.             1.
     52     15    -2700.00000
             0.            47.           298.           282.           412.           153.           616.          1282.
           882.          1161.           902.           286.           114.             2.             0.
     53     13    -2700.00000
             0.            30.           637.           401.           344.           186.           626.           925.
           676.           776.           654.           138.            17.
     54     13    -2700.00000
             0.            41.           672.           589.           340.           153.           392.           636.
           491.           424.           475.            56.             4.
     55     14    -2850.00000
             0.             8.           129.           738.           574.           291.           288.           508.
           493.           282.           392.           272.            13.             5.
     56     14    -3000.00000
             0.             0.            10.           287.           711.           518.           137.           318.
           463.           286.           161.           349.           142.             2.
     57     13    -2850.00000
             1.            60.           408.           610.           492.            97.           427.           322.
           211.           200.           152.            58.             0.
     58     12    -2850.00000
            53.           124.           456.           718.           633.           214.           333.           200.
           152.            71.            54.            38.
     59     12    -2850.00000
            80.           180.           638.           739.           413.           176.           177.           176.
           109.            55.            55.            15.
     60     12    -2850.00000
           103.           169.           665.           501.           256.            92.           131.           158.
           139.            33.            33.            28.
     61     14    -3150.00000
             0.             0.           100.           144.           527.           590.           213.            78.
            61.           119.            69.            27.            40.             1.
     62     14    -3150.00000
             0.             0.           102.           152.           434.           451.            73.            53.
            15.            27.            60.            16.            28.             0.
     63     13    -3000.00000
             2.           206.           137.           405.           189.            80.            37.             0.
            20.            21.            11.            19.             0.
     64     13    -3000.00000
            32.           235.           116.           430.           155.            54.            24.             0.
            54.             0.             0.             1.             0.
     65     12    -3300.00000
             0.             0.            93.           167.           136.           272.            66.            38.
             0.             0.            11.             0.
     66      8    -3150.00000
             2.           135.           180.           141.           256.             4.            19.             0.
     67      8    -3150.00000
             0.           108.           217.           169.           198.            10.             3.             0.
     68      7    -3150.00000
             6.            89.           182.           213.            95.            16.             0.
     69      6    -3300.00000
             0.            14.           102.           138.           216.            39.
     70      6    -3300.00000
             0.            53.           127.           137.            57.            21.
     71      6    -3300.00000
             0.            17.           136.            83.            42.            15.
     72      6    -3300.00000
             0.            69.           159.            50.             3.             0.
     73      4    -3300.00000
             0.            97.           122.            35.
     74      4    -3300.00000
             0.            45.            90.            20.
     75      5    -3450.00000
             0.             0.            70.            63.             6.
     76      3    -3150.00000
             0.            23.             0.
