      T       mu          width     x- y- zdim  
   8.500000      -44.00000       150.000000000000               15          15
          15
      2      3     -300.00000
             0.             0.            18.
      3      3     -300.00000
             0.             0.            34.
      4      3     -300.00000
             0.             0.           241.
      5      3     -300.00000
             0.             0.           699.
      6      3     -300.00000
             0.             0.          1833.
      7      3     -300.00000
             0.            19.          4545.
      8      3     -300.00000
             0.           187.         10484.
      9      3     -300.00000
             0.          1070.         21879.
     10      3     -300.00000
             0.          4061.         40817.
     11      3     -300.00000
             0.         13223.         67494.
     12      5     -600.00000
             0.             0.            25.         35448.         99660.
     13      5     -600.00000
             0.             0.           159.         84491.        131789.
     14      5     -600.00000
             0.             0.           653.        173307.        150772.
     15      5     -600.00000
             0.            12.          2133.        310456.        150283.
     16      6     -750.00000
             0.             0.            92.          6289.        489859.        130297.
     17      6     -750.00000
             0.             0.           385.         15900.        698831.         96625.
     18      6     -750.00000
             0.             0.           878.         36194.        917972.         61563.
     19      6     -750.00000
             5.            16.          2587.         75186.       1122763.         33496.
     20      6     -750.00000
            14.           217.          6676.        140659.       1287451.         16090.
     21      6     -750.00000
            42.           903.         14677.        244198.       1389761.          6645.
     22      8    -1050.00000
             0.             6.           187.          2610.         30101.        391787.       1411477.          2246.
     23      8    -1050.00000
             0.            20.           504.          5728.         55001.        581093.       1351796.           626.
     24      8    -1050.00000
            15.           147.          1425.         13084.         93121.        795898.       1214218.           135.
     25      9    -1200.00000
             0.            23.           573.          3604.         25218.        151000.       1013539.       1021713.
            22.
     26     10    -1350.00000
             0.             0.            58.          1233.          8060.         43366.        225318.       1194005.
        794947.            12.
     27     10    -1350.00000
             0.             5.           204.          2836.         15751.         74269.        323416.       1312918.
        571110.             3.
     28     11    -1500.00000
             0.             0.            59.           705.          6053.         29244.        115151.        429043.
       1334154.        380155.             0.
     29     11    -1500.00000
             0.             6.           325.          2261.         12892.         49334.        168099.        537141.
       1268140.        230869.             0.
     30     10    -1350.00000
             9.           692.          5463.         24657.         79700.        227748.        629458.       1128683.
        127537.             0.
     31     11    -1500.00000
             0.            76.          1766.         11482.         43729.        119769.        293217.        704944.
        936866.         64008.             0.
     32     12    -1650.00000
             0.             0.           442.          4818.         23195.         70778.        167450.        360043.
        735712.        731514.         28781.             0.
     33     12    -1650.00000
             0.            18.          1548.         10573.         40801.        106917.        218992.        419070.
        731711.        535918.         11461.             0.
     34     11    -1650.00000
             1.           210.          3912.         21088.         68070.        151203.        274300.        466315.
        687124.        366316.          4359.
     35     13    -1950.00000
             0.             0.            32.           774.          8926.         39074.        106022.        202788.
        327255.        490431.        612082.        237265.          1362.
     36     14    -2100.00000
             0.             0.            65.           285.          2873.         19227.         66206.        153232.
        259908.        366635.        489615.        507603.        142689.           292.
     37     14    -2100.00000
             0.             0.           112.          1077.          7659.         36876.        105656.        209428.
        309643.        392501.        465845.        396044.         80062.           121.
     38     14    -2100.00000
             0.             3.           198.          3291.         17421.         64481.        157087.        268811.
        351999.        402670.        426381.        295000.         41985.            28.
     39     14    -2100.00000
             0.            84.           789.          8007.         34456.        103313.        220246.        326422.
        380229.        392113.        370436.        206745.         20126.            27.
     40     15    -2250.00000
             0.             0.           253.          2868.         18284.         64886.        160382.        285013.
        374517.        395599.        366492.        305849.        138121.          8703.             1.
     41     16    -2400.00000
             0.             0.             4.           893.          7545.         36964.        106340.        225126.
        349334.        411466.        392933.        328189.        239298.         85823.          3657.             0.
     42     15    -2250.00000
             0.           206.          2376.         16519.         66968.        165105.        296841.        407322.
        436227.        373179.        280367.        176549.         49719.          1379.             0.
     43     16    -2400.00000
             0.            20.           791.          6702.         34622.        113456.        236248.        372585.
        457935.        437031.        339871.        230891.        125083.         27193.           528.             0.
     44     15    -2400.00000
             0.            40.          2242.         15585.         66243.        175819.        317150.        446749.
        490485.        424469.        300063.        183894.         82631.         13970.           190.
     45     15    -2400.00000
             0.           336.          5883.         33688.        114358.        257574.        405601.        508740.
        495007.        391268.        254964.        141239.         52217.          7036.            51.
     46     16    -2550.00000
             0.            56.          1219.         14846.         65766.        182445.        349436.        485606.
        545986.        479238.        347130.        206892.        101563.         30945.          3221.             3.
     47     17    -2700.00000
             0.             0.           277.          3992.         30502.        115341.        269496.        448810.
        547893.        560845.        449083.        294088.        159593.         71691.         17927.          1338.
             0.
     48     17    -2700.00000
             0.            44.          1267.         11168.         61179.        188222.        373368.        549875.
        593911.        550482.        402513.        240445.        117787.         47713.         10043.           454.
             0.
     49     17    -2700.00000
             0.           403.          4085.         28580.        110736.        280759.        491329.        628580.
        615826.        518516.        346543.        188223.         84912.         29516.          5336.           131.
             0.
     50     16    -2700.00000
            51.          1128.         10712.         56727.        183792.        396054.        603871.        687813.
        606430.        467861.        287308.        142427.         60146.         17460.          2628.            35.
     51     18    -3000.00000
             0.             0.           299.          2996.         24964.        102873.        278707.        525152.
        701883.        716488.        574363.        406743.        228791.        107177.         39197.         10230.
          1132.            26.
     52     17    -2850.00000
            34.           869.          8675.         52091.        173739.        399650.        645869.        765840.
        703162.        527256.        340592.        175865.         75070.         25133.          5920.           413.
             0.
     53     17    -2850.00000
           130.          2958.         20417.         94773.        266652.        528249.        753661.        804553.
        661518.        465564.        273280.        129724.         51530.         15002.          3068.           182.
             0.
     54     19    -3150.00000
             0.            21.           575.          7633.         41346.        158698.        380861.        657383.
        831078.        809482.        607558.        393247.        208950.         93271.         34557.          8845.
          1518.            70.             0.
     55     18    -3150.00000
             0.           100.          1706.         17399.         80445.        250016.        512910.        779951.
        880226.        772499.        533998.        318829.        157806.         64961.         20819.          5125.
           676.             4.
     56     19    -3300.00000
             0.             0.           348.          4783.         36737.        139690.        360032.        650989.
        877640.        890849.        709411.        453660.        253536.        113074.         42559.         13207.
          2652.           210.             4.
     57     20    -3450.00000
             0.             0.            20.          1241.         12856.         69404.        223713.        485907.
        778509.        938384.        864068.        627282.        370234.        192661.         77794.         26755.
          8020.          1368.            94.             0.
     58     18    -3300.00000
            11.           259.          4078.         28735.        117770.        327179.        619756.        884595.
        953181.        792975.        530702.        293367.        140227.         52914.         16336.          4584.
           703.            20.
     59     19    -3450.00000
             0.            84.          1094.         10480.         54482.        187492.        446411.        746791.
        944581.        924425.        708617.        438970.        227051.         97779.         34498.          9713.
          2493.           366.            33.
     60     19    -3450.00000
             8.           223.          3258.         22729.         98014.        275085.        570091.        847557.
        971524.        861787.        609373.        349405.        167627.         65345.         22194.          5267.
          1554.           179.             6.
     61     20    -3600.00000
             0.            73.           690.          7299.         44986.        157680.        383903.        696730.
        919675.        948579.        781329.        501328.        271209.        120656.         42024.         13397.
          2886.           873.           110.             0.
     62     19    -3600.00000
            72.           194.          2329.         16367.         79072.        236739.        501812.        799554.
        955063.        896740.        678334.        402523.        198323.         82470.         27775.          8212.
          1489.           355.            50.
     63     21    -3900.00000
             0.             0.            45.           567.          5721.         32733.        127043.        328485.
        616046.        867439.        946535.        809260.        564221.        309257.        139080.         55127.
         17550.          4492.           725.           162.            29.
     64     20    -3750.00000
             0.           141.          1493.         12902.         59236.        191823.        433176.        716722.
        906039.        891310.        700917.        450094.        230754.         98562.         36131.         10574.
          2495.           439.            85.             0.
     65     20    -3750.00000
             9.           431.          3685.         25599.         99190.        271238.        530736.        791182.
        904719.        804311.        592491.        350442.        167809.         68240.         23240.          5729.
          1381.           205.            40.             0.
     66     19    -3750.00000
            86.           987.          7687.         45988.        152016.        360594.        619222.        837292.
        857569.        697653.        477490.        261335.        118055.         44388.         13708.          3212.
           665.            76.            28.
     67     21    -4050.00000
             0.             0.           254.          2818.         15798.         76515.        216006.        438503.
        688155.        837205.        784488.        589175.        376669.        189555.         82175.         27381.
          7104.          1739.           414.            34.            11.
     68     21    -4050.00000
             0.            37.           897.          6031.         30540.        117723.        285542.        513026.
        723388.        805826.        684141.        483282.        285263.        136685.         55276.         16714.
          4053.           970.           228.            17.             9.
     69     21    -4050.00000
             0.           166.          2016.         12039.         53834.        165790.        357513.        571994.
        734749.        742138.        580945.        379836.        210295.         92604.         35043.          9876.
          2028.           545.           150.            37.             4.
     70     21    -4050.00000
             0.           309.          3930.         21996.         85591.        220914.        422819.        610059.
        710738.        662827.        474987.        289710.        149846.         62522.         21746.          6139.
           922.           236.            50.            12.             0.
     71     22    -4200.00000
             0.            16.           968.          7759.         36450.        124118.        274014.        472087.
        614878.        662019.        567211.        377957.        213774.        103720.         40166.         13457.
          3579.           553.           122.            31.            13.             0.
     72     22    -4350.00000
             0.             0.            60.          2542.         13837.         57557.        166851.        324800.
        501600.        605883.        592040.        463985.        289400.        151097.         68471.         24130.
          7621.          1857.           169.            70.            13.             3.
     73     21    -4350.00000
             0.            10.           336.          4955.         22690.         82867.        206085.        365267.
        508874.        574649.        512021.        363043.        215874.        105064.         44443.         15259.
          4305.           891.           119.            49.            10.
     74     21    -4350.00000
             0.            53.          1278.          9934.         38026.        112388.        245521.        392172.
        496776.        519894.        424975.        278120.        154503.         72698.         27135.          9551.
          2167.           411.            43.            18.             3.
     75     21    -4350.00000
            34.           317.          2842.         16885.         52877.        139955.        273553.        404089.
        471146.        452221.        345843.        208767.        107214.         47289.         16867.          5396.
          1056.           104.             1.             6.             0.
     76     21    -4650.00000
             0.             0.           108.           588.          5234.         24630.         75364.        169666.
        293245.        396738.        427715.        384229.        270286.        153360.         73489.         29542.
          9562.          2746.           488.           101.             0.
     77     21    -4650.00000
             0.             0.           311.          1481.          8557.         35321.         94493.        194463.
        302496.        377570.        380728.        312160.        202620.        107761.         48858.         18677.
          5339.          1382.           232.            83.             0.
     78     20    -4500.00000
            17.           773.          2334.         14098.         49093.        119288.        211017.        306656.
        348466.        327141.        244975.        147073.         73287.         32014.         11548.          2731.
           613.            68.            45.             0.
     79     20    -4650.00000
             0.           209.          1046.          5051.         20723.         61638.        136568.        219128.
        298761.        307475.        273099.        187207.        106785.         48420.         20624.          6397.
          1515.           333.            31.            46.
     80     20    -4650.00000
            49.           603.          2127.          8227.         28765.         75952.        148056.        219663.
        281738.        270908.        222174.        135621.         73702.         30558.         11962.          3764.
           728.           174.            31.            13.
     81     21    -4800.00000
             0.            42.           790.          3155.         12392.         37275.         88261.        156908.
        212649.        254433.        230610.        172063.         97118.         50766.         20323.          6317.
          1947.           403.            41.            12.             9.
     82     21    -4800.00000
             0.           164.          1285.          4877.         16843.         44694.         98264.        155507.
        209349.        225609.        193076.        129471.         67555.         31404.         12133.          3717.
          1193.           313.             4.             1.             0.
     83     19    -4800.00000
             0.           215.          2095.          6039.         22111.         56937.        105947.        156193.
        193359.        195358.        152158.         93144.         47021.         19936.          7133.          1962.
           775.           116.             0.
     84     19    -4800.00000
             0.           405.          3170.          9058.         27632.         65927.        111559.        150095.
        174438.        161130.        113953.         64995.         31176.         11900.          4193.          1240.
           448.            28.             0.
     85     18    -4800.00000
           111.           785.          4770.         12481.         31549.         71945.        111424.        140631.
        150669.        128293.         82294.         46032.         19664.          7515.          2403.           692.
           355.             9.
     86     20    -5100.00000
             0.             0.           179.          1277.          5633.         15807.         35995.         74780.
        111433.        127555.        129143.         99325.         59383.         30438.         11888.          4034.
          1210.           322.           140.             1.
     87     18    -4950.00000
             0.           342.          2664.          8014.         17914.         40260.         74995.        109305.
        112199.        103668.         74445.         42132.         20756.          7367.          2225.           858.
           166.            14.
     88     18    -4950.00000
            25.           408.          3699.         10720.         19716.         44485.         76697.        100330.
         97928.         81240.         52949.         29601.         13759.          4292.          1269.           388.
           104.             0.
     89     18    -4950.00000
           137.           751.          4064.         12346.         22156.         47999.         76270.         89015.
         82043.         60869.         35863.         20012.          8085.          1884.           724.           133.
            50.             0.
     90     16    -4950.00000
           147.          1192.          5743.         13659.         25631.         50937.         72703.         75983.
         65052.         44899.         24740.         12947.          4717.          1019.           222.            42.
     91     18    -5250.00000
             0.             0.           404.          1807.          7465.         15694.         29489.         50235.
         68426.         65107.         47696.         32168.         16263.          8068.          2783.           455.
           154.            17.
     92     17    -5100.00000
             8.           820.          2666.         10579.         17553.         30701.         49713.         58730.
         52743.         35061.         21783.         11551.          4488.          1308.           341.           125.
            10.
     93     18    -5250.00000
             0.            56.           907.          3291.         12692.         19847.         31810.         46896.
         50500.         39608.         23833.         14781.          7173.          2337.           399.           201.
            41.             6.
     94     18    -5250.00000
             0.           263.          1096.          4978.         14126.         20801.         30906.         42289.
         41964.         29707.         16519.          9818.          4490.          1345.           200.            20.
            24.             0.
     95     18    -5400.00000
             0.             0.           318.          1723.          6561.         15979.         22127.         29901.
         38001.         33707.         21460.         11667.          5943.          2693.           589.           111.
             9.            26.
     96     17    -5400.00000
            19.            19.           496.          2484.          8712.         18143.         22652.         29753.
         32283.         26281.         14761.          7961.          3519.          1530.           266.            73.
             7.
     97     19    -5700.00000
             0.             0.            96.           118.           584.          3218.         10352.         18396.
         22856.         26884.         24403.         19150.          9761.          4920.          2377.           862.
           127.            17.             0.
     98     19    -5700.00000
             0.             0.           326.           289.          1171.          5108.         12464.         17909.
         22620.         23301.         18757.         12818.          6060.          3573.          1727.           421.
            84.            31.             0.
     99     17    -5700.00000
             0.            36.           215.           524.          2298.          6183.         13752.         18237.
         21712.         20641.         15718.          7926.          4011.          2057.           940.           138.
            12.
    100     17    -5700.00000
            55.           309.           357.           766.          2717.          6466.         13990.         17132.
         19017.         15577.         10752.          4835.          2457.           991.           485.            25.
             0.
    101     18    -6000.00000
             0.             0.            46.           358.           459.          1415.          3143.          7993.
         13170.         16299.         15683.         12342.          7341.          3063.          1537.           571.
           244.             3.
    102     17    -5850.00000
             0.           124.           337.           737.          1545.          4261.          8671.         12796.
         13235.         12633.          8675.          4794.          1964.           659.           271.           168.
             0.
    103     17    -5850.00000
            57.           146.           579.           862.          1883.          5384.          9351.         12117.
         12244.          9199.          6359.          3164.          1154.           389.           180.            55.
             0.
    104     16    -5850.00000
            61.           226.           757.           801.          1684.          5499.          8788.         10065.
          9645.          6002.          3742.          1925.           647.           306.           148.            58.
    105     18    -6150.00000
             0.             0.           119.           363.           965.           890.          2421.          6039.
          8044.          8107.          7889.          4901.          2437.           934.           329.           146.
            49.            10.
    106     17    -6000.00000
             0.           209.           435.           607.          1042.          2665.          6019.          7122.
          7194.          5452.          3932.          1459.           421.           248.            83.             5.
             0.
    107     16    -6000.00000
            52.           186.           403.           513.          1236.          2375.          5162.          6457.
          6100.          4084.          2435.           656.           242.           114.            12.             0.
    108     17    -6300.00000
             0.             0.           114.           215.           339.           908.          1346.          2629.
          4914.          4985.          4695.          3250.          1513.           422.           127.            36.
             0.
    109     17    -6300.00000
             0.            57.            23.           173.           604.           818.          1127.          2595.
          3849.          3847.          3503.          2407.           811.           152.            34.            10.
             0.
    110     15    -6300.00000
             0.            25.            35.           410.           695.          1177.          1046.          2107.
          3205.          2488.          2925.          1415.           341.           112.             6.
    111     15    -6300.00000
             0.            39.           115.           585.           821.          1227.          1135.          1988.
          1596.          1680.          1640.           655.           144.            48.             0.
    112     14    -6300.00000
             0.            91.           286.           639.           735.           862.           806.          1784.
          1256.          1404.          1159.           283.            42.            17.
    113     13    -6300.00000
             0.            69.           504.           620.           922.           769.           744.          1279.
           728.          1040.           605.            84.             5.
    114     13    -6300.00000
             0.            92.           495.           854.           716.           857.           689.           676.
           437.           693.           386.            47.             0.
    115     13    -6300.00000
             3.           165.           742.           889.           869.           459.           520.           599.
           429.           456.           295.            51.             0.
    116     13    -6300.00000
            26.           182.           683.           733.           542.           531.           342.           467.
           357.           379.           120.            17.             0.
    117     11    -6300.00000
             0.           230.           708.           619.           447.           382.           207.           395.
           396.           210.            31.
    118     11    -6300.00000
            39.           334.          1035.           502.           306.           166.           126.           309.
           368.            89.             0.
    119     12    -6600.00000
             0.             1.           195.           476.           939.           334.           116.           232.
           161.           171.           167.             2.
    120     11    -6600.00000
             0.            32.           296.           364.           629.           193.            93.           197.
            71.            53.            54.
    121     11    -6600.00000
             0.           106.           229.           294.           295.           162.            89.           190.
            13.            27.             0.
    122     10    -6600.00000
            20.           153.           227.           297.           350.            22.            84.           120.
             4.             0.
    123     10    -6900.00000
             0.             0.            69.           482.           444.           244.           213.            38.
            62.            54.
    124      9    -6750.00000
             0.           190.           336.           267.           227.           143.             0.            71.
             6.
    125     10    -6900.00000
             0.             0.           215.           404.           153.           102.            72.             0.
            38.             0.
    126     10    -6900.00000
             0.            14.           140.           443.            75.            91.            74.             3.
            21.             0.
    127     10    -6900.00000
             0.            36.           171.           220.            87.           123.            65.             5.
            14.             0.
    128      8    -7050.00000
             0.             0.            36.           126.            69.           122.           134.            12.
    129      8    -7050.00000
             0.             0.           154.            74.            32.            58.            19.             0.
    130      3    -6900.00000
             0.            97.             0.
    131      4    -7050.00000
             0.             0.            33.             0.
