      T       mu          width     x- y- zdim  
   9.500000      -43.00000       150.000000000000               15          15
          15
     13      3     -300.00000
             0.             0.             1.
     14      3     -300.00000
             0.             4.             9.
     15      3     -300.00000
             0.            18.             4.
     16      3     -300.00000
             0.            39.            26.
     17      3     -300.00000
             0.            92.            30.
     18      3     -300.00000
             0.           255.            25.
     19      3     -300.00000
             0.           487.            34.
     20      3     -300.00000
             0.          1075.            12.
     21      3     -300.00000
            22.          1803.            18.
     22      5     -600.00000
             0.             0.           201.          3009.            11.
     23      5     -600.00000
             0.             0.           600.          4774.            12.
     24      6     -750.00000
             0.             0.            19.          1500.          7096.             8.
     25      6     -750.00000
             0.             0.            92.          3768.         11073.             6.
     26      6     -750.00000
             0.             0.           223.          8396.         16044.             9.
     27      6     -750.00000
             0.            14.           727.         17138.         21245.             4.
     28      6     -750.00000
             0.            67.          1889.         30522.         25259.             0.
     29      6     -750.00000
             9.           224.          4268.         52673.         28250.             0.
     30      6     -750.00000
            11.           492.          9736.         85803.         29769.             0.
     31      8    -1050.00000
             0.             0.            60.          1245.         20296.        127430.         27901.             0.
     32      8    -1050.00000
             0.             4.           195.          2981.         39952.        177167.         23779.             0.
     33     10    -1350.00000
             0.             3.             0.            34.           524.          6352.         72448.        229015.
         17742.             0.
     34     10    -1350.00000
             0.             7.             0.           120.          1287.         13359.        124305.        280202.
         12302.             0.
     35      9    -1200.00000
            15.             9.           202.          2718.         26517.        201802.        323205.          7959.
             0.
     36      8    -1200.00000
            19.            10.           591.          5882.         51053.        308670.        348552.          4560.
     37      9    -1350.00000
             0.            18.            66.          1513.         12197.         91415.        441976.        351314.
          2195.
     38      9    -1350.00000
             0.            49.           260.          3375.         23363.        154538.        598472.        330027.
          1063.
     39     10    -1500.00000
             5.            47.           182.           751.          6845.         42914.        251132.        761506.
        290055.           471.
     40     11    -1650.00000
             0.            12.            80.           370.          1665.         13228.         76280.        383306.
        910694.        238989.           203.
     41     10    -1500.00000
             6.            93.           683.          3703.         23345.        128964.        558447.       1030275.
        182842.            63.
     42     10    -1500.00000
            24.           167.          1434.          7445.         41216.        212213.        775641.       1097617.
        129430.             9.
     43     11    -1650.00000
             0.            14.           333.          2976.         14541.         71340.        325364.       1020609.
       1094596.         84052.             1.
     44     11    -1650.00000
             0.            87.           747.          5662.         27063.        119677.        478682.       1274750.
       1022257.         49997.             0.
     45     11    -1650.00000
            17.           148.          1381.         10175.         46996.        192000.        680929.       1505125.
        893792.         27193.             0.
     46     13    -1950.00000
             0.             0.            79.           382.          3142.         18558.         77492.        293319.
        921402.       1680493.        735207.         13742.             0.
     47     12    -1800.00000
             3.           156.           999.          5960.         30878.        124722.        428043.       1186178.
       1774895.        569122.          6231.             0.
     48     13    -1950.00000
             0.            53.           228.          1951.         11268.         51564.        190514.        602313.
       1462421.       1773482.        410878.          2455.             0.
     49     13    -1950.00000
             0.            82.           657.          3828.         20189.         83357.        280565.        812571.
       1718536.       1676550.        276697.           955.             0.
     50     13    -2100.00000
             0.            11.           147.          1383.          7579.         34510.        130607.        403835.
       1055158.       1929890.       1487109.        172118.           326.
     51     13    -2100.00000
             0.            72.           290.          2626.         14000.         56890.        193547.        559696.
       1320082.       2060741.       1247597.        100423.           109.
     52     15    -2400.00000
             0.             0.            14.           164.           882.          5199.         24119.         90353.
        282412.        745564.       1570672.       2107399.        988827.         53779.            31.
     53     14    -2250.00000
             0.            10.           218.          1631.          9458.         40309.        137089.        392197.
        961214.       1806399.       2036465.        733995.         26492.             3.
     54     15    -2400.00000
             0.             0.            22.           433.          3266.         16008.         62191.        202824.
        531584.       1189448.       1981593.       1864582.        511329.         12190.             0.
     55     15    -2400.00000
             0.             1.            88.           769.          5965.         26782.         96795.        285564.
        698090.       1412784.       2081103.       1612628.        335955.          4900.             0.
     56     15    -2400.00000
             0.            20.           229.          1711.         10877.         42995.        139710.        386228.
        884883.       1612716.       2085407.       1326297.        205823.          1885.             0.
     57     16    -2550.00000
             0.             0.            71.           706.          3311.         18283.         65533.        200277.
        515728.       1073983.       1775879.       2000911.       1029443.        118778.           759.             0.
     58     16    -2550.00000
             0.             0.           189.          1248.          6430.         28020.         97022.        274117.
        658429.       1257019.       1887630.       1832914.        756394.         63368.           302.             0.
     59     15    -2550.00000
             0.             0.           430.          2406.         12025.         43365.        138873.        368239.
        815935.       1431218.       1921309.       1598621.        522207.         31945.            93.
     60     15    -2550.00000
             0.             6.           761.          4624.         19336.         67082.        190107.        477006.
        970585.       1566443.       1871409.       1321642.        340115.         14677.            19.
     61     15    -2550.00000
             0.            80.          1311.          7258.         29076.         95837.        256421.        596021.
       1110718.       1645142.       1745055.       1036222.        205991.          5922.             1.
     62     15    -2550.00000
             0.           292.          2459.         11534.         43271.        135774.        334842.        717393.
       1241606.       1656658.       1555982.        769035.        117657.          2433.             0.
     63     15    -2550.00000
             1.           640.          3790.         17656.         60998.        181759.        421987.        836309.
       1325378.       1619867.       1323806.        540141.         64457.          1058.             0.
     64     17    -2850.00000
             0.             0.            64.          1650.          6611.         27325.         86577.        238559.
        516611.        942948.       1372877.       1516044.       1077423.        359488.         32547.           385.
             0.
     65     15    -2700.00000
             0.           258.          2656.         10658.         39936.        118839.        297783.        613416.
       1031810.       1378845.       1366879.        832145.        226971.         15518.           113.
     66     15    -2700.00000
             0.           460.          4190.         15175.         57413.        159050.        367356.        701401.
       1091898.       1327152.       1180696.        614618.        134459.          6930.            33.
     67     15    -2700.00000
             0.           811.          6627.         22488.         80056.        204674.        436790.        771131.
       1112082.       1238008.        970773.        435955.         76134.          2900.             7.
     68     17    -3000.00000
             0.             0.            91.          1523.          9695.         33881.        105224.        251696.
        504612.        831474.       1098867.       1114362.        770365.        291427.         40036.          1040.
             0.
     69     17    -3000.00000
             0.             8.           250.          2372.         13281.         47060.        132513.        301898.
        564080.        868207.       1042417.        957424.        585348.        185368.         19722.           368.
             0.
     70     17    -3000.00000
             1.            16.           533.          3661.         20385.         62173.        168098.        350664.
        610263.        872190.        956109.        789888.        423859.        110560.          9054.           126.
             0.
     71     18    -3300.00000
             0.             9.            22.            41.          1349.          6885.         28501.         81716.
        204373.        391885.        639869.        843783.        849199.        629230.        292508.         64333.
          3965.            28.
     72     18    -3300.00000
             0.            16.            32.           273.          2257.         10880.         37583.        106504.
        242028.        429604.        649188.        790809.        727801.        484620.        193484.         35247.
          1638.             2.
     73     18    -3300.00000
             0.            23.            44.           617.          3580.         15544.         49857.        132741.
        270844.        452231.        643075.        718222.        601742.        356153.        122195.         18017.
           747.             0.
     74     18    -3300.00000
             0.            42.            86.          1123.          5669.         22456.         63618.        156200.
        299819.        463022.        616428.        627340.        481978.        254819.         72821.          8994.
           146.             0.
     75     18    -3300.00000
             0.            95.           265.          1777.          8486.         29264.         79577.        178948.
        320453.        464875.        567350.        532457.        367490.        172950.         41485.          4196.
            33.             0.
     76     17    -3300.00000
             0.            88.           468.          2735.         11932.         37236.         95350.        201672.
        333676.        449017.        507943.        435038.        273048.        111908.         23010.          1665.
             2.
     77     17    -3300.00000
             0.           205.           665.          4465.         16474.         45028.        111673.        217566.
        337664.        417722.        440390.        344283.        191226.         67053.         11992.           718.
             0.
     78     18    -3450.00000
             0.            20.           369.          1198.          6538.         20862.         54788.        128244.
        227314.        324018.        383710.        370314.        261065.        130497.         39628.          5872.
           258.             0.
     79     17    -3450.00000
             0.            52.           626.          2187.          8877.         27729.         67314.        137853.
        233895.        309782.        338460.        301471.        190159.         84367.         22103.          2871.
            98.
     80     17    -3450.00000
             0.           211.           768.          3217.         12460.         33858.         75307.        145546.
        225723.        281959.        286131.        235019.        133875.         52638.         11123.          1225.
            24.
     81     18    -3600.00000
             0.             0.           328.          1106.          4399.         15159.         40935.         82944.
        148294.        216180.        246852.        237247.        175380.         90515.         31384.          5276.
           495.             1.
     82     18    -3600.00000
             0.            27.           494.          1755.          6098.         18959.         46692.         88778.
        150487.        200400.        213258.        188796.        127589.         58140.         18026.          2596.
           188.             0.
     83     18    -3600.00000
             0.            26.           583.          1938.          7289.         22780.         51708.         93772.
        145904.        180765.        177180.        146777.         88395.         35196.          9462.          1272.
            57.             0.
     84     18    -3600.00000
             0.            90.           874.          3095.          9072.         28140.         54803.         96544.
        136075.        157680.        142525.        108593.         58085.         21040.          4700.           485.
            20.             0.
     85     20    -4050.00000
             0.             0.            43.             6.           334.          1263.          3976.         11175.
         31754.         58022.         94801.        121726.        131982.        113635.         77687.         37921.
         11579.          2166.           222.            17.
     86     20    -4050.00000
             0.             1.            68.            34.           549.          1361.          5490.         14014.
         33315.         58522.         86581.        106149.        108326.         85156.         53024.         23004.
          6449.          1085.           128.             6.
     87     20    -4050.00000
             0.            36.            88.            83.           682.          2031.          7344.         16008.
         35192.         59108.         79729.         91116.         86364.         62903.         35637.         13276.
          3626.           622.            78.             0.
     88     20    -4050.00000
             0.            87.            39.           131.           691.          2622.          8858.         18394.
         34754.         55859.         70704.         76360.         66335.         43827.         23302.          7272.
          1762.           307.            47.             0.
     89     21    -4200.00000
             0.             0.            45.            19.           196.          1243.          3294.          9495.
         18826.         33749.         50306.         61714.         61476.         48119.         29508.         14361.
          4013.           799.           121.            45.             0.
     90     20    -4200.00000
             0.             1.            80.             0.           324.          1572.          4215.          9884.
         19154.         32893.         45794.         51711.         46109.         33748.         19063.          8535.
          2285.           392.            57.            23.
     91     20    -4200.00000
             0.            30.           137.            15.           599.          1851.          5062.         11066.
         19054.         30576.         39725.         41481.         33866.         23034.         12532.          4418.
          1024.           212.            23.            13.
     92     19    -4200.00000
             0.            22.            53.            32.           849.          2211.          5727.         11043.
         19202.         26355.         34313.         32059.         24157.         15707.          7884.          2280.
           569.            50.            10.
     93     19    -4200.00000
             0.            45.            55.            43.           915.          2911.          5712.         10985.
         18494.         23726.         29488.         23949.         17041.         10149.          4064.          1209.
           183.            17.             5.
     94     20    -4350.00000
             0.             0.           101.            89.           243.          1188.          3308.          5576.
         10722.         16646.         21399.         22958.         16516.         12232.          6547.          2177.
           813.            71.            15.             2.
     95     19    -4350.00000
             0.             5.           113.           140.           428.          1312.          3354.          5792.
          9784.         14066.         17112.         17505.         11153.          7540.          3934.          1336.
           416.            27.             0.
     96     18    -4350.00000
             0.             1.            71.           191.           611.          1374.          3227.          5573.
          8905.         11973.         13418.         11948.          7224.          4947.          2421.           602.
           157.             6.
     97     18    -4350.00000
             0.            63.           120.           157.           597.          1565.          3147.          5490.
          8145.         10122.         10777.          8082.          5358.          2872.          1229.           286.
            78.             5.
     98     17    -4350.00000
             0.            40.           228.           277.           658.          1542.          2684.          5032.
          6949.          7828.          8092.          6087.          3545.          1839.           769.           174.
             8.
     99     18    -4500.00000
             0.             0.            94.           119.           304.           665.          1741.          2882.
          4546.          5357.          6063.          5912.          3716.          2276.           968.           392.
            80.             1.
    100     18    -4500.00000
             0.             0.            82.           113.           260.           717.          1657.          2997.
          3546.          4378.          4547.          3600.          2891.          1264.           545.           198.
            27.             0.
    101     18    -4500.00000
             0.             0.            93.            83.           306.           938.          1709.          2561.
          2557.          3377.          3159.          1993.          1864.           779.           401.           165.
             6.             0.
    102     17    -4500.00000
             0.             0.            91.            36.           268.          1003.          1514.          2315.
          2319.          2732.          2197.          1349.          1097.           391.           282.            97.
             0.
    103     17    -4500.00000
             0.             3.           182.           115.           323.          1244.          1453.          1794.
          1577.          2011.          1646.           814.           716.           238.           115.            13.
             0.
    104     16    -4500.00000
             0.            33.           105.            93.           675.          1030.          1145.          1217.
          1205.          1187.          1076.           470.           487.           130.            50.             1.
    105     17    -4650.00000
             0.             0.            93.            26.           186.           669.           836.           933.
           830.           923.           981.           703.           324.           297.            85.             9.
             0.
    106     16    -4650.00000
             0.             0.            36.            26.           176.           705.           709.           799.
           722.           800.           715.           472.           201.           128.            39.             0.
    107     16    -4650.00000
             0.             6.            39.           113.           251.           515.           451.           472.
           543.           613.           515.           296.           190.            67.            27.             0.
    108     16    -4650.00000
             0.             6.            44.           149.           155.           440.           499.           390.
           291.           358.           330.           167.           195.            39.             4.             0.
    109     14    -4650.00000
             0.             6.            44.           147.            62.           318.           408.           363.
           282.           163.           162.            73.           108.            13.
    110     14    -4650.00000
             0.            10.            39.           112.           189.           263.           247.           321.
           174.           111.            63.            34.            85.            24.
    111     12    -4350.00000
            32.           103.            93.           139.           136.           174.           113.            71.
            18.            12.            74.             0.
    112     13    -4500.00000
             0.            36.           146.           104.            73.            73.           151.            67.
            49.             3.            23.            26.             0.
    113     14    -4650.00000
             0.             0.            31.            56.            65.            19.            56.            35.
            19.            36.             0.            14.            18.             0.
    114     13    -4650.00000
             0.             0.            53.            18.            30.            19.             8.            53.
             7.            16.             0.            21.            21.
    115     13    -4650.00000
             0.             0.            72.            28.            36.            15.             0.            33.
             0.             0.             0.            15.             0.
    116     13    -4650.00000
             0.             0.            56.            33.            28.             0.             0.             2.
             0.             0.            18.             4.             0.
    117     13    -4650.00000
             0.             0.            22.             1.            32.             0.             0.             0.
             0.             0.             0.             6.             0.
    118     12    -4650.00000
             0.             4.             0.             0.             0.             0.             0.             0.
             0.             0.             0.             1.
