      T       mu          width     x- y- zdim  
   9.000000      -45.00000       150.000000000000               15          15
          15
      3      3     -300.00000
             0.             0.            10.
      4      3     -300.00000
             0.             0.            77.
      5      3     -300.00000
             0.             0.           261.
      6      3     -300.00000
             0.             3.          1072.
      7      3     -300.00000
             0.            33.          3046.
      8      3     -300.00000
             0.           117.          7984.
      9      3     -300.00000
             0.           588.         18265.
     10      3     -300.00000
             0.          2689.         39322.
     11      3     -300.00000
             0.         10737.         74676.
     12      3     -300.00000
            14.         33974.        125376.
     13      5     -600.00000
             0.             0.            68.         92593.        189852.
     14      5     -600.00000
             0.             0.           304.        221271.        256399.
     15      4     -450.00000
             9.          1303.        459196.        298489.
     16      6     -750.00000
             0.             0.            29.          4260.        839121.        304114.
     17      5     -600.00000
             6.            73.         12260.       1373898.        267149.
     18      5     -600.00000
            27.           327.         32772.       2057857.        202649.
     19      6     -750.00000
             0.            69.          1109.         79190.       2844223.        132467.
     20      6     -750.00000
             0.           102.          3435.        177996.       3667892.         73794.
     21      6     -750.00000
             7.           248.          8866.        371881.       4447034.         35866.
     22      7     -900.00000
             0.            15.           746.         20880.        704997.       5108812.         14455.
     23      7     -900.00000
             0.            73.          1944.         44983.       1227072.       5539986.          5235.
     24      7     -900.00000
             0.           230.          4799.         90914.       1976152.       5664675.          1531.
     25      9    -1200.00000
             0.             6.             9.           721.         10763.        172946.       2934604.       5433968.
           390.
     26      9    -1200.00000
             0.            10.            43.          1559.         22933.        307668.       4032761.       4873050.
            92.
     27      8    -1050.00000
            11.           221.          3428.         44929.        512127.       5130030.       4052664.            27.
     28     10    -1350.00000
             0.             0.            17.           713.          8279.         83438.        805700.       6054975.
       3121450.            11.
     29     10    -1350.00000
             0.             0.            99.          1347.         17164.        144074.       1187843.       6660332.
       2203347.             3.
     30     10    -1350.00000
             0.             6.           300.          3021.         31875.        231332.       1646818.       6839015.
       1417788.             0.
     31     10    -1350.00000
             0.            42.           687.          6866.         55542.        353138.       2148374.       6561420.
        832073.             0.
     32     10    -1350.00000
             4.           149.          1590.         13173.         91780.        511041.       2647444.       5884187.
        443965.             0.
     33     10    -1350.00000
             7.           391.          3255.         25076.        143103.        700212.       3091973.       4941231.
        214666.             0.
     34     10    -1350.00000
            45.           837.          6346.         41890.        213972.        912545.       3386532.       3903025.
         93493.             0.
     35     12    -1650.00000
             0.             0.           104.          1704.         11040.         66968.        295371.       1127961.
       3496756.       2897746.         35571.             0.
     36     12    -1650.00000
             1.             5.           350.          2980.         19097.         99403.        393546.       1330636.
       3402211.       2008637.         12764.             0.
     37     13    -1800.00000
             0.            11.            80.           873.          5585.         30785.        141148.        497599.
       1483618.       3117548.       1298205.          4191.             0.
     38     12    -1800.00000
             0.            37.           240.          1680.         10094.         48153.        189949.        600713.
       1581916.       2685537.        787029.          1220.
     39     12    -1800.00000
             0.            39.           518.          3239.         16732.         70167.        246070.        694957.
       1606378.       2181527.        440814.           251.
     40     13    -1950.00000
             0.             0.            22.           917.          5152.         26405.         95983.        303093.
        766467.       1548593.       1673638.        230586.            50.
     41     13    -1950.00000
             0.            14.            36.          1564.          8506.         40223.        129622.        360269.
        809883.       1422584.       1201130.        112080.            10.
     42     13    -1950.00000
             0.            10.           161.          2885.         13577.         56578.        162423.        410500.
        820241.       1248143.        812267.         51017.             0.
     43     14    -2100.00000
             0.             0.            53.           451.          4630.         21499.         73153.        192041.
        441509.        797457.       1038224.        518479.         20659.             2.
     44     14    -2100.00000
             0.             0.           171.          1060.          7158.         30217.         91240.        218709.
        458339.        740237.        817235.        309994.          7745.             0.
     45     14    -2100.00000
             0.            11.           314.          2021.         11845.         41037.        108632.        241219.
        455970.        657859.        608383.        173564.          2766.             0.
     46     14    -2100.00000
             0.            20.           542.          3385.         16781.         53398.        127337.        256877.
        432938.        559126.        429748.         92340.           922.             0.
     47     13    -2100.00000
             0.           137.          1045.          5562.         23099.         65461.        142455.        261274.
        398226.        453196.        288231.         46270.           234.
     48     13    -2100.00000
             0.           322.          1950.          8439.         30060.         77618.        152872.        256475.
        352678.        353080.        182418.         20370.            73.
     49     15    -2400.00000
             0.             0.            54.           613.          3437.         11744.         38343.         86683.
        155948.        239882.        298991.        261563.        111537.          8472.            12.
     50     14    -2250.00000
             0.            78.           969.          4799.         15060.         45847.         93087.        158175.
        216351.        244090.        185860.         63999.          3639.            11.
     51     15    -2400.00000
             0.           109.           250.          1678.          6799.         20042.         51019.         96489.
        152132.        185850.        191108.        124649.         34023.          1359.             1.
     52     15    -2400.00000
             0.           222.           438.          2480.          9362.         24843.         54793.         97142.
        139761.        154981.        141426.         79057.         16802.           442.             0.
     53     14    -2400.00000
            17.           303.           579.          3531.         12240.         28449.         56740.         95342.
        121302.        127558.        101932.         48655.          8284.           126.
     54     14    -2400.00000
            74.           576.          1132.          5468.         15094.         31103.         57397.         87228.
        103765.         98150.         69553.         27629.          3667.            48.
     55     14    -2400.00000
            92.           637.          1697.          7259.         17221.         33210.         53882.         79336.
         83711.         73315.         45801.         14923.          1216.            11.
     56     14    -2400.00000
           113.           815.          2378.          8546.         19214.         33349.         50745.         68713.
         66651.         52262.         29138.          7803.           571.             0.
     57     16    -2700.00000
             0.             0.           182.          1226.          3116.         10192.         20285.         32499.
         46785.         55693.         50052.         36068.         17863.          3938.           183.             0.
     58     16    -2700.00000
             0.             0.           298.          1652.          4233.         10621.         20809.         30800.
         40968.         43821.         36385.         24077.         10557.          1950.            29.             0.
     59     16    -2700.00000
             0.             4.           381.          1931.          4860.         11208.         20764.         29620.
         34680.         33911.         25979.         15189.          5869.           894.            18.             0.
     60     15    -2700.00000
             0.            18.           602.          2674.          5712.         12165.         20173.         27411.
         27828.         25328.         17771.          8846.          3284.           401.            11.
     61     14    -2550.00000
            41.           594.          2969.          6572.         12637.         18728.         22257.         22673.
         18353.         11632.          4927.          1441.           145.             1.
     62     15    -2850.00000
             0.             0.           166.          1064.          3266.          6865.         12248.         15910.
         19036.         17393.         12160.          7168.          2849.           559.            40.
     63     15    -2850.00000
             0.             0.           320.          1385.          3905.          6962.         11504.         14057.
         15388.         12664.          8674.          4870.          1433.           283.            12.
     64     14    -2700.00000
             1.           405.          1529.          4475.          7349.         10363.         11732.         11791.
          9324.          5331.          2351.           721.            75.             0.
     65     14    -2700.00000
            26.           592.          1933.          4401.          6925.          8585.          9382.          9261.
          6632.          3337.          1144.           424.            46.             0.
     66     15    -2850.00000
             0.            40.           758.          2080.          4723.          7272.          6556.          7598.
          6690.          4259.          1948.           532.           226.            31.             0.
     67     13    -2700.00000
            35.           768.          2013.          4739.          6564.          5694.          5593.          4560.
          2523.           976.           279.           127.            15.
     68     15    -3000.00000
             0.             0.           159.           858.          2148.          4129.          5506.          4371.
          4283.          3089.          1524.           492.           190.            81.             5.
     69     15    -3000.00000
             0.             0.           206.           829.          2052.          3413.          4234.          2984.
          3519.          1971.           762.           197.            95.            64.             9.
     70     15    -3000.00000
             0.             0.           247.           881.          1840.          2627.          3033.          2212.
          2381.          1114.           410.            94.            54.            42.             0.
     71     14    -3000.00000
             0.            34.           410.           730.          1350.          2450.          2273.          1564.
          1332.           606.           221.            41.             6.            14.
     72     12    -3000.00000
             3.            84.           344.           606.          1150.          2204.          1198.           873.
           870.           205.           100.             9.
     73     13    -3150.00000
             0.            39.           132.           239.           674.          1209.          1917.           801.
           709.           530.           128.            49.             0.
     74     13    -3150.00000
             0.           104.           187.           260.           673.          1084.          1411.           597.
           445.           342.            62.            10.             0.
     75     13    -3300.00000
             0.             0.            71.            62.           263.           534.           765.           817.
           314.           330.           216.             6.            13.
     76     13    -3300.00000
             0.             0.            43.           206.           336.           399.           538.           564.
           217.           199.            69.             6.             2.
     77     12    -3300.00000
             0.             7.            28.           253.           179.           195.           486.           317.
           221.           162.            28.             1.
     78     11    -3300.00000
             0.            29.             3.           278.            87.           154.           282.           150.
           159.            81.             0.
     79     11    -3300.00000
             0.             6.            36.           400.            20.           141.           186.           105.
           103.            64.             0.
     80     12    -3450.00000
             0.             0.            13.            50.           266.             0.            76.           136.
            47.            78.            26.             0.
     81      8    -3000.00000
             9.            58.             0.            23.           100.            55.            68.            10.
     82      9    -3150.00000
             0.             1.             4.             0.            60.            75.            64.            34.
             0.
     83      8    -3150.00000
             0.            15.             0.             2.            23.            30.            55.            16.
     84      5    -2700.00000
             0.            35.            36.            47.             0.
     85      5    -2700.00000
             0.             6.            26.            15.             0.
     86      3    -2700.00000
             0.             1.            16.
     87      3    -2850.00000
             0.             0.             3.
