      T       mu          width     x- y- zdim  
   9.500000      -46.50000       150.000000000000               15          15
          15
      3      3     -300.00000
             0.             0.             7.
      4      3     -300.00000
             0.             0.            30.
      5      3     -300.00000
             0.             0.           126.
      6      3     -300.00000
             0.             0.           386.
      7      3     -300.00000
             0.            15.          1359.
      8      3     -300.00000
             0.            68.          3766.
      9      3     -300.00000
             0.           254.          9789.
     10      3     -300.00000
             0.          1218.         22564.
     11      3     -300.00000
             0.          5215.         46835.
     12      3     -300.00000
             4.         19067.         87833.
     13      3     -300.00000
            26.         57200.        145663.
     14      3     -300.00000
            84.        149226.        212141.
     15      5     -600.00000
             0.             4.           378.        336452.        272326.
     16      5     -600.00000
             0.            16.          1189.        661278.        304772.
     17      5     -600.00000
             0.            27.          4314.       1173430.        295287.
     18      5     -600.00000
             0.            58.         13174.       1875270.        246305.
     19      5     -600.00000
             0.           161.         37387.       2747255.        177903.
     20      7     -900.00000
             0.             0.             3.           495.         92065.       3739116.        110266.
     21      7     -900.00000
             0.             0.            14.          1781.        205897.       4791859.         57906.
     22      7     -900.00000
             0.             0.            78.          4666.        427198.       5804940.         26619.
     23      6     -750.00000
             0.           194.         11466.        815595.       6658302.         10289.
     24      6     -750.00000
             2.           566.         26607.       1433588.       7209410.          3479.
     25      6     -750.00000
             1.          1424.         55481.       2329144.       7369066.           933.
     26      8    -1050.00000
             0.             0.            32.          2911.        110530.       3492128.       7065588.           239.
     27      8    -1050.00000
             0.             0.           160.          6488.        201525.       4828745.       6330300.            67.
     28      8    -1050.00000
             0.             3.           497.         13059.        347852.       6175717.       5256071.            11.
     29      8    -1050.00000
             0.            27.          1072.         25994.        570418.       7345361.       4024748.             0.
     30      8    -1050.00000
             0.           106.          2554.         45990.        874170.       8100277.       2828235.             0.
     31      8    -1050.00000
             0.           285.          4973.         78680.       1262186.       8321236.       1818320.             0.
     32      8    -1050.00000
             2.           648.          9996.        126726.       1708407.       7996721.       1063378.             0.
     33     10    -1350.00000
             0.             0.            76.          1205.         16627.        194450.       2183650.       7209513.
        562068.             0.
     34     10    -1350.00000
             0.             5.           147.          2201.         26668.        281098.       2615720.       6090686.
        269078.             0.
     35     10    -1350.00000
             0.             8.           286.          4218.         41795.        386053.       2953486.       4826546.
        115576.             0.
     36     10    -1350.00000
             0.            15.           575.          6928.         59237.        504511.       3146294.       3600655.
         43757.             0.
     37      9    -1350.00000
             0.           132.          1093.         10747.         84727.        627797.       3144906.       2511127.
         15004.
     38      9    -1350.00000
             3.           204.          1926.         16104.        113078.        744430.       2960532.       1643540.
          4823.
     39      9    -1350.00000
             2.           431.          2830.         22366.        145526.        840901.       2614297.        997036.
          1321.
     40     10    -1500.00000
             0.            40.           680.          4395.         30418.        178841.        898293.       2167282.
        561611.           303.
     41     10    -1500.00000
             6.            77.          1073.          7306.         40366.        208460.        910346.       1682718.
        295437.            56.
     42     10    -1500.00000
             7.           241.          1309.          9999.         50342.        233903.        867449.       1235761.
        142151.             5.
     43     10    -1500.00000
            19.           466.          1932.         12492.         59132.        250456.        788560.        848626.
         62957.             0.
     44     11    -1650.00000
             0.            27.           667.          2702.         16087.         68095.        255830.        676169.
        551593.         25088.             0.
     45     11    -1650.00000
             7.            46.          1021.          3507.         19339.         76281.        251904.        553982.
        332869.          9202.             0.
     46     13    -1950.00000
             0.             0.            52.            96.          1295.          4467.         21357.         79341.
        236467.        426935.        191260.          3176.             0.
     47     13    -1950.00000
             0.             0.            77.           244.          1585.          5367.         23375.         80423.
        209856.        313831.        101718.          1010.             0.
     48     12    -1950.00000
             0.             0.           121.           314.          1841.          6067.         24237.         76486.
        180774.        218720.         50009.           203.
     49     12    -1950.00000
             0.             8.            94.           561.          2233.          6611.         24860.         71447.
        148972.        141805.         22986.            61.
     50     13    -2100.00000
             0.             0.            19.            94.           805.          2307.          7676.         24550.
         64946.        115184.         87137.         10006.            14.
     51     13    -2100.00000
             0.             0.            24.           115.          1206.          2510.          7855.         23077.
         55705.         86316.         51278.          4235.             1.
     52     12    -1950.00000
             0.            23.           128.          1240.          2548.          8029.         21723.         46086.
         60162.         28028.          1472.             0.
     53     12    -1950.00000
             0.             5.           127.          1261.          2464.          8055.         19738.         36314.
         39561.         14229.           446.             0.
     54     12    -2100.00000
             0.             0.            62.           193.           933.          2645.          7742.         16684.
         27032.         23988.          7047.           150.
     55     12    -2100.00000
             0.             1.            36.           183.          1154.          2657.          7035.         13811.
         18973.         14100.          3079.            42.
     56     12    -2100.00000
             0.            31.            18.           227.          1204.          2500.          6475.         11538.
         13189.          7537.          1373.             2.
     57     11    -1950.00000
            20.            15.           263.          1159.          2187.          5289.          8739.          8933.
          4254.           620.             0.
     58     11    -1950.00000
             8.             6.           264.          1113.          1946.          4507.          6436.          5354.
          2143.           233.             0.
     59     11    -1950.00000
             0.             2.           264.           888.          1747.          3531.          4260.          2821.
          1085.            94.             0.
     60     10    -1950.00000
             0.             4.           262.           755.          1620.          2992.          2856.          1429.
           497.            43.
     61     11    -2100.00000
             0.             0.            71.           225.           617.          1342.          2252.          1769.
           787.           240.             1.
     62     11    -2100.00000
             0.             0.            68.           212.           695.          1100.          1691.          1157.
           549.            81.             8.
     63     11    -2100.00000
             0.             0.            85.           179.           595.           815.          1030.           679.
           370.            19.             0.
     64      9    -1950.00000
             9.            50.           224.           483.           580.           721.           430.           150.
             6.
     65      9    -1950.00000
            22.            43.           211.           509.           384.           407.           218.            91.
             0.
     66      9    -1950.00000
            29.            48.           140.           389.           310.           249.            64.            36.
             0.
     67     11    -2250.00000
             0.             0.            78.            64.           147.           144.           232.           131.
            17.             7.             0.
     68     10    -2250.00000
             0.             0.           118.            85.           139.           159.           191.            55.
             7.             3.
     69     10    -2250.00000
             0.             0.           102.            67.           170.            63.            69.            32.
            24.             3.
     70      8    -2100.00000
             9.           101.            38.           144.            14.            27.            38.            25.
     71      8    -2100.00000
            20.            49.            38.           106.             8.            15.            24.            20.
     72      9    -2250.00000
             0.            12.            32.           111.            53.             0.             2.            29.
            19.
     73      9    -2250.00000
             0.            12.            20.            84.             5.             0.             9.            24.
             0.
     74      9    -2250.00000
             0.            23.            33.            82.             3.             0.             0.            21.
             0.
     75      7    -2100.00000
             0.            54.            28.             0.             0.             0.             7.
     76      4    -2250.00000
             0.             0.            39.            15.
     77      4    -2250.00000
             0.             0.            26.             0.
     78      4    -2250.00000
             0.            12.             6.             0.
     79      3    -2250.00000
             0.             3.             0.
