      T       mu          width     x- y- zdim  
   9.000000      -43.50000       150.000000000000               15          15
          15
      7      3     -300.00000
             0.             0.             8.
      8      3     -300.00000
             0.             0.            40.
      9      3     -300.00000
             0.             2.            95.
     10      3     -300.00000
             0.            26.           222.
     11      3     -300.00000
             0.            48.           518.
     12      3     -300.00000
             0.           252.          1082.
     13      4     -450.00000
             0.             0.           966.          1931.
     14      4     -450.00000
             0.             2.          2791.          3383.
     15      5     -600.00000
             0.             0.             8.          7029.          4661.
     16      5     -600.00000
             0.             0.            50.         15311.          5525.
     17      5     -600.00000
             0.             0.           245.         29393.          6125.
     18      4     -450.00000
             0.           872.         51728.          5120.
     19      6     -750.00000
             0.             0.            19.          2591.         84462.          3913.
     20      6     -750.00000
             0.             0.           130.          6376.        128111.          2682.
     21      6     -750.00000
             0.             5.           405.         15666.        182752.          1459.
     22      6     -750.00000
             0.            18.          1139.         34411.        248423.           665.
     23      6     -750.00000
             0.            93.          2554.         70039.        318693.           314.
     24      6     -750.00000
             2.           243.          6275.        132442.        387206.           140.
     25      7     -900.00000
             0.            36.           725.         13733.        234010.        436603.            29.
     26      7     -900.00000
             7.           180.          1926.         29510.        379930.        458132.             9.
     27      7     -900.00000
            16.           376.          4725.         57952.        574202.        451115.             0.
     28      7     -900.00000
            51.          1010.         10269.        106790.        801178.        411463.             0.
     29     10    -1350.00000
             0.             0.            28.           209.          2493.         22182.        185427.       1041355.
        346076.             0.
     30      9    -1200.00000
             5.            70.           660.          5780.         42952.        306465.       1262855.        263726.
             0.
     31      9    -1200.00000
            17.           169.          1682.         11764.         76527.        471518.       1434696.        182864.
             0.
     32     12    -1650.00000
             0.             0.             3.            70.           610.          3613.         22400.        129414.
        688295.       1524733.        115030.             0.
     33     12    -1650.00000
             0.             0.             2.           142.          1286.          7315.         40337.        211247.
        946816.       1513968.         65460.             0.
     34     12    -1650.00000
             0.             0.            37.           366.          2507.         14993.         69778.        325457.
       1224829.       1410230.         33788.             0.
     35     12    -1650.00000
             0.             0.            32.           794.          5148.         28403.        118568.        475038.
       1496533.       1231822.         15269.             0.
     36     13    -1800.00000
             0.             0.            10.           151.          1897.         10719.         49841.        185643.
        658437.       1717080.       1005924.          6120.             0.
     37     12    -1800.00000
             0.             0.            99.           534.          3659.         20799.         83228.        276255.
        873220.       1858478.        772418.          2201.
     38     12    -1800.00000
             0.             6.           315.          1218.          7852.         38261.        132920.        395510.
       1102043.       1887409.        553123.           660.
     39     12    -1800.00000
             0.            65.           470.          2863.         15657.         63708.        201441.        541952.
       1320890.       1811387.        370544.           191.
     40     12    -1800.00000
             0.            88.          1187.          6472.         27980.        102552.        288365.        714542.
       1511111.       1636874.        227936.            25.
     41     13    -1950.00000
             0.            20.           275.          2378.         12654.         49016.        158275.        397245.
        893034.       1641717.       1394813.        129337.             3.
     42     13    -1950.00000
             5.            28.           667.          4797.         23571.         78719.        229706.        528510.
       1070711.       1698419.       1121286.         67446.             0.
     43     13    -1950.00000
            19.           130.          1656.          9510.         40606.        123061.        317945.        675887.
       1231629.       1665435.        842002.         31715.             0.
     44     15    -2250.00000
             0.             0.            58.           579.          3688.         18423.         67623.        184384.
        427744.        831170.       1350292.       1544297.        593428.         13856.             0.
     45     15    -2250.00000
             0.             4.           142.          1224.          7953.         32604.        107649.        263352.
        550161.        972598.       1422232.       1366178.        389543.          5580.             0.
     46     15    -2250.00000
             0.            18.           437.          2806.         14237.         54930.        158145.        361450.
        677706.       1094023.       1426239.       1145487.        241935.          2270.             0.
     47     15    -2400.00000
             0.             1.           115.           808.          5669.         26743.         86573.        225186.
        470736.        809385.       1192401.       1376087.        907477.        142646.           837.
     48     16    -2550.00000
             0.            12.            42.           254.          2097.         11577.         44749.        132144.
        309462.        584177.        933827.       1237713.       1262775.        684913.         77147.           214.
     49     15    -2400.00000
             2.            59.           678.          4674.         21495.         71445.        194149.        407711.
        707922.       1033091.       1233502.       1111182.        488005.         38272.            30.
     50     16    -2550.00000
             0.            10.           102.          1691.          9207.         36657.        108864.        270241.
        515659.        820719.       1096533.       1183846.        928666.        324689.         17454.             8.
     51     15    -2400.00000
            44.           380.          3415.         16482.         59241.        162712.        353449.        624615.
        916346.       1118021.       1092041.        739049.        205797.          7338.             0.
     52     17    -2700.00000
             0.             3.           110.          1058.          7270.         28144.         90646.        225002.
        451489.        736414.        990077.       1104264.        963247.        560909.        121575.          3089.
             0.
     53     17    -2700.00000
             0.            30.           303.          2237.         12461.         46535.        135477.        302705.
        555857.        831503.       1024992.       1047140.        818983.        404357.         68072.          1145.
             0.
     54     17    -2700.00000
             0.            84.           670.          4755.         21851.         70340.        187603.        390893.
        657855.        900904.       1027886.        957148.        667757.        276108.         35094.           371.
             0.
     55     16    -2700.00000
             0.           279.          1529.          9192.         36923.        106137.        254801.        478035.
        743922.        945563.        995550.        837496.        520677.        180531.         16923.           126.
     56     16    -2700.00000
             8.           549.          3287.         16049.         56022.        152409.        328166.        568467.
        814525.        962834.        929238.        709828.        386776.        110052.          7582.            27.
     57     17    -2850.00000
             0.            30.          1184.          6787.         26404.         86462.        205868.        406259.
        655132.        861077.        943286.        836811.        572046.        276943.         64757.          2936.
             7.
     58     17    -2850.00000
             0.           156.          2468.         11889.         42963.        122211.        271948.        483450.
        729230.        877248.        889075.        724542.        445706.        188929.         36152.          1189.
             1.
     59     19    -3150.00000
             0.             0.            15.           530.          4458.         19934.         66644.        166286.
        335378.        560465.        777051.        864625.        808014.        605476.        337043.        123401.
         19131.           433.             0.
     60     19    -3150.00000
             0.            10.            81.          1513.          7911.         32583.         94256.        218722.
        403976.        628039.        805089.        829683.        716547.        487230.        243804.         77526.
          9436.           215.             0.
     61     18    -3000.00000
            13.           211.          2849.         12943.         48538.        129554.        274847.        474052.
        684316.        804916.        764163.        611760.        373984.        168240.         45862.          4060.
            99.             0.
     62     18    -3150.00000
             0.            60.           441.          5442.         20904.         70957.        169230.        332071.
        529642.        714411.        776890.        685749.        503164.        279352.        112066.         25468.
          1764.            17.
     63     18    -3150.00000
            14.           124.          1311.          8583.         32757.         98801.        214842.        385206.
        574996.        720325.        729225.        596902.        397040.        201941.         71861.         13164.
           719.             6.
     64     20    -3450.00000
             0.             0.           140.           409.          2802.         13167.         47761.        128912.
        262399.        437366.        606655.        702773.        656023.        496538.        303965.        139835.
         43091.          6741.           259.             0.
     65     20    -3450.00000
             0.            13.           176.           775.          4924.         19982.         67466.        161150.
        307027.        476589.        616213.        660797.        573904.        399449.        225488.         91622.
         25928.          3195.           121.             0.
     66     20    -3450.00000
             0.            64.           327.          1352.          7978.         30227.         91789.        198250.
        348819.        507759.        603758.        602387.        484754.        312136.        160060.         59552.
         14620.          1563.            45.             0.
     67     19    -3450.00000
             0.           118.           445.          2611.         11808.         43335.        118576.        234503.
        385511.        520386.        575114.        533387.        394038.        237699.        108598.         36024.
          7806.           680.             9.
     68     19    -3450.00000
             0.           244.           866.          4157.         18190.         62259.        145826.        270277.
        409253.        512558.        525673.        457389.        310712.        172083.         72869.         21285.
          4051.           221.             0.
     69     20    -3600.00000
             0.             0.           539.          1443.          7070.         26773.         81234.        176039.
        296345.        421881.        489494.        472909.        381615.        239224.        120821.         45132.
         11538.          1889.            87.             0.
     70     20    -3600.00000
             0.             2.           870.          2436.         11854.         36539.        101471.        201357.
        320444.        426235.        456397.        412153.        305533.        178200.         82519.         27106.
          6080.           755.            44.             0.
     71     19    -3600.00000
             0.            38.          1303.          4252.         17165.         48926.        123195.        224706.
        331801.        414897.        412257.        344805.        237361.        128379.         54777.         15630.
          3279.           329.            10.
     72     19    -3600.00000
            15.           137.          2090.          7257.         22774.         64342.        141843.        242332.
        339825.        385026.        360663.        280726.        180169.         88368.         33944.          8646.
          1906.           112.             0.
     73     19    -3600.00000
            68.           561.          3187.         10937.         29424.         77782.        161499.        249684.
        331958.        345992.        303060.        221521.        131756.         59337.         20550.          4949.
           802.            29.             0.
     74     21    -4050.00000
             0.            20.             0.           231.           988.          4383.         15371.         39647.
         92530.        175465.        253002.        312113.        304394.        248711.        168755.         92552.
         37648.         12222.          2541.           388.             9.
     75     21    -4050.00000
             0.             5.            43.           348.          1653.          6425.         19324.         48347.
        106650.        186897.        250936.        285718.        259896.        197668.        123791.         62221.
         23385.          7076.          1195.           168.             1.
     76     20    -3900.00000
            37.           180.           636.          2514.          9364.         25549.         57982.        119695.
        190083.        238978.        251038.        211609.        151128.         88356.         40606.         14436.
          3681.           656.            75.             0.
     77     20    -3900.00000
            20.           233.           968.          3810.         12839.         31508.         68053.        128245.
        184555.        223273.        214847.        166780.        111831.         60289.         25538.          8228.
          1776.           360.            35.             0.
     78     21    -4200.00000
             0.             0.            17.           266.          1727.          5624.         15648.         37895.
         76295.        133205.        178613.        200121.        176308.        130687.         79520.         40118.
         15896.          4428.           800.           203.            24.
     79     21    -4200.00000
             0.             0.            65.           345.          2348.          7253.         19800.         44964.
         84664.        133830.        167568.        171711.        142959.         97398.         54628.         26300.
          9191.          2351.           490.           100.            18.
     80     20    -4050.00000
             0.           104.           591.          3360.          9757.         24511.         52642.         91508.
        131245.        146768.        146828.        111093.         70054.         36599.         16233.          5513.
          1217.           217.            58.             0.
     81     20    -4200.00000
             0.            12.           120.           934.          4778.         12485.         28594.         58327.
         94627.        122736.        127754.        120150.         83617.         49270.         24534.          9129.
          2972.           438.           181.            44.
     82     19    -4050.00000
            46.           406.          1559.          6284.         14732.         30601.         62834.         94048.
        110033.        108151.         94144.         62332.         35405.         15979.          5300.          1657.
           209.            87.             7.
     83     21    -4350.00000
             0.             0.           127.           553.          2436.          7619.         16567.         34068.
         64955.         87421.         94713.         87203.         72162.         44777.         23543.          9396.
          3413.           666.            48.            65.             2.
     84     21    -4350.00000
             0.             0.           118.           699.          2985.          9102.         19567.         37209.
         64889.         76510.         80229.         71385.         52601.         32052.         14836.          5624.
          1883.           445.            34.            22.             1.
     85     21    -4350.00000
             0.             0.           128.           971.          4575.         10494.         21506.         39472.
         61073.         67611.         65523.         54992.         37802.         20718.          9180.          3072.
           986.           197.             9.            15.            26.
     86     21    -4350.00000
             0.            77.           120.          1441.          5859.         12016.         23506.         39340.
         55518.         57857.         50980.         41284.         26691.         13299.          5836.          2078.
           604.           124.            11.            11.             4.
     87     22    -4500.00000
             0.             2.            59.           216.          2254.          7604.         13187.         23931.
         37707.         48941.         48354.         39939.         29155.         18144.          9053.          3572.
          1179.           339.            91.            11.            28.             0.
     88     21    -4350.00000
            82.           110.           716.          3428.          8137.         14390.         24206.         35769.
         41845.         38716.         29975.         20628.         11603.          5769.          2052.           578.
           147.            11.            33.             8.             0.
     89     21    -4500.00000
             0.           136.           224.           933.          4900.          9060.         14168.         22072.
         30852.         34369.         29939.         22268.         14481.          7166.          3416.          1285.
           246.            85.             3.             8.             4.
     90     21    -4500.00000
             0.           130.           551.          1296.          5342.          9703.         14309.         20738.
         27210.         27924.         22429.         16161.          9376.          4530.          1762.           696.
            29.            49.            10.             9.             3.
     91     21    -4500.00000
             0.           163.           704.          1743.          5137.          9314.         14306.         18364.
         22673.         21793.         15875.         11347.          5486.          2628.          1224.           366.
             4.            19.             0.            18.             0.
     92     20    -4500.00000
             0.           424.          1169.          2296.          5228.          9008.         13251.         16335.
         18562.         16075.         10833.          7762.          3900.          1625.           804.           152.
             4.             6.             0.            15.
     93     20    -4500.00000
             2.           512.          1422.          2989.          5733.          8947.         11728.         13101.
         13819.         11653.          6816.          4626.          2085.           899.           410.            76.
             0.             0.             0.             3.
     94     19    -4800.00000
             0.             0.            45.           830.          1551.          3602.          5766.          8605.
         10324.         11039.         10031.          8265.          4606.          2732.          1203.           480.
           232.            58.             0.
     95     18    -4800.00000
             0.            14.           116.           932.          1726.          4159.          6841.          7756.
          8053.          8450.          7963.          5738.          3038.          1663.           707.           280.
            64.            21.
     96     18    -4800.00000
             3.            39.           175.           938.          2104.          4613.          6310.          6838.
          6488.          5823.          6117.          3481.          1964.           925.           241.           120.
            23.            28.
     97     18    -4950.00000
             0.            26.            37.           275.          1053.          2344.          5019.          6163.
          5244.          5171.          4276.          4370.          2379.          1105.           554.           134.
            32.             0.
     98     18    -4950.00000
             0.            43.            67.           412.          1306.          2624.          5071.          5041.
          4277.          3646.          3485.          3287.          1518.           657.           246.            83.
            25.             0.
     99     18    -5100.00000
             0.             8.            30.           147.           598.          1540.          2888.          4456.
          4020.          3301.          2792.          2404.          1859.          1118.           400.           131.
            24.            11.
    100     18    -5100.00000
             0.            24.           118.           318.           731.          1424.          2536.          3337.
          3155.          2591.          2028.          1621.          1372.           644.           194.            66.
            11.             0.
    101     17    -5100.00000
             0.            34.           116.           239.           512.          1276.          2293.          2454.
          2435.          2138.          1559.          1194.          1008.           480.            56.            22.
             4.
    102     17    -5100.00000
             0.           286.           239.           553.           702.          1363.          2020.          1850.
          2149.          1745.          1059.           695.           696.           183.             2.             6.
             2.
    103     15    -5100.00000
             0.           364.           514.           496.           777.          1647.          1865.          1628.
          1291.          1409.           451.           525.           371.             7.             0.
    104     14    -5100.00000
             0.           240.           702.           485.           843.          1823.          1352.          1332.
           964.          1058.           270.           304.           284.            12.
    105     14    -5100.00000
             4.           165.           763.           476.           989.          1441.          1011.           823.
           669.           590.           134.           320.           112.             0.
    106     14    -5100.00000
            35.           275.           689.           330.          1042.          1023.           763.           730.
           397.           310.            89.           148.           139.             0.
    107     14    -5250.00000
             0.            22.           228.           682.           433.           558.           809.           664.
           624.           286.           146.            56.            34.            55.
    108     15    -5400.00000
             5.            29.            21.           163.           222.           251.           539.           625.
           319.           262.           190.           124.            26.             6.            13.
    109     14    -5550.00000
             0.            38.            12.            69.           133.           116.           209.           626.
           457.           231.           136.           161.           107.             8.
    110     16    -5850.00000
             0.             7.             0.            80.           139.            95.           206.             3.
           173.           575.           422.           270.           151.           141.            78.            10.
    111     16    -5850.00000
             0.            30.            21.           404.            58.            82.           186.             0.
           164.           652.           269.           217.            58.            75.            69.            20.
    112     16    -6000.00000
             0.             0.           148.            67.           342.            49.           169.           209.
             5.           351.           433.           173.           194.            25.            38.             6.
    113     15    -5850.00000
             0.            74.           210.           160.            32.           141.            70.            96.
           162.           219.           129.            99.             3.            27.             0.
    114     15    -5850.00000
             0.           158.           182.           162.            34.           174.            64.           161.
           113.           134.            82.            27.            33.             5.             0.
    115     14    -6000.00000
             0.             6.           242.            47.           145.            57.           104.            32.
            65.            51.            74.            38.            19.             4.
    116     13    -6000.00000
             0.             8.           287.            54.            84.           229.            25.            21.
            20.           100.             0.            12.             0.
    117     11    -6000.00000
             0.            40.           232.            76.            77.           105.             0.             0.
            39.            34.             0.
    118     11    -6150.00000
             0.             0.            83.           147.            66.            61.            29.             0.
             0.            19.            12.
    119     11    -6150.00000
             0.            35.            90.            69.            67.            52.            19.             0.
             0.             3.             0.
    120      7    -6150.00000
             0.            64.            45.             1.            74.             0.             5.
    121      6    -6150.00000
             0.            88.             7.            42.            68.             0.
    122      7    -6300.00000
             0.             0.           105.             0.            30.             2.             0.
    123      6    -6300.00000
             0.             1.            69.             0.            10.            14.
    124      6    -6300.00000
             0.             1.             0.             0.             3.             0.
